# N=32 complex numbers (format: real imag)
1.0000000000 0.0000000000
0.9951847267 0.0980171403
0.9238795325 0.3826834324
0.6343932842 0.7730104534
0.0000000000 1.0000000000
-0.7730104534 0.6343932842
-0.9238795325 -0.3826834324
0.0980171403 -0.9951847267
1.0000000000 -0.0000000000
-0.0980171403 0.9951847267
-0.9238795325 -0.3826834324
0.7730104534 -0.6343932842
0.0000000000 1.0000000000
-0.6343932842 -0.7730104534
0.9238795325 0.3826834324
-0.9951847267 -0.0980171403
1.0000000000 -0.0000000000
-0.9951847267 -0.0980171403
0.9238795325 0.3826834324
-0.6343932842 -0.7730104534
-0.0000000000 1.0000000000
0.7730104534 -0.6343932842
-0.9238795325 -0.3826834324
-0.0980171403 0.9951847267
1.0000000000 -0.0000000000
0.0980171403 -0.9951847267
-0.9238795325 -0.3826834324
-0.7730104534 0.6343932842
0.0000000000 1.0000000000
0.6343932842 0.7730104534
0.9238795325 0.3826834324
0.9951847267 0.0980171403
