# N=1024 complex numbers (format: real imag)
1.8000000000 0.0000000000
1.7998927007 0.0000000000
1.7995708266 0.0000000000
1.7990344483 0.0000000000
1.7982836838 0.0000000000
1.7973186983 0.0000000000
1.7961397039 0.0000000000
1.7947469599 0.0000000000
1.7931407725 0.0000000000
1.7913214947 0.0000000000
1.7892895264 0.0000000000
1.7870453141 0.0000000000
1.7845893507 0.0000000000
1.7819221757 0.0000000000
1.7790443747 0.0000000000
1.7759565795 0.0000000000
1.7726594676 0.0000000000
1.7691537624 0.0000000000
1.7654402326 0.0000000000
1.7615196924 0.0000000000
1.7573930008 0.0000000000
1.7530610618 0.0000000000
1.7485248238 0.0000000000
1.7437852796 0.0000000000
1.7388434658 0.0000000000
1.7337004628 0.0000000000
1.7283573946 0.0000000000
1.7228154279 0.0000000000
1.7170757723 0.0000000000
1.7111396799 0.0000000000
1.7050084448 0.0000000000
1.6986834026 0.0000000000
1.6921659303 0.0000000000
1.6854574460 0.0000000000
1.6785594080 0.0000000000
1.6714733149 0.0000000000
1.6642007049 0.0000000000
1.6567431553 0.0000000000
1.6491022825 0.0000000000
1.6412797409 0.0000000000
1.6332772230 0.0000000000
1.6250964585 0.0000000000
1.6167392142 0.0000000000
1.6082072931 0.0000000000
1.5995025342 0.0000000000
1.5906268119 0.0000000000
1.5815820353 0.0000000000
1.5723701480 0.0000000000
1.5629931271 0.0000000000
1.5534529832 0.0000000000
1.5437517594 0.0000000000
1.5338915307 0.0000000000
1.5238744038 0.0000000000
1.5137025162 0.0000000000
1.5033780357 0.0000000000
1.4929031599 0.0000000000
1.4822801151 0.0000000000
1.4715111565 0.0000000000
1.4605985668 0.0000000000
1.4495446559 0.0000000000
1.4383517604 0.0000000000
1.4270222426 0.0000000000
1.4155584900 0.0000000000
1.4039629147 0.0000000000
1.3922379528 0.0000000000
1.3803860634 0.0000000000
1.3684097281 0.0000000000
1.3563114505 0.0000000000
1.3440937552 0.0000000000
1.3317591873 0.0000000000
1.3193103114 0.0000000000
1.3067497113 0.0000000000
1.2940799892 0.0000000000
1.2813037645 0.0000000000
1.2684236738 0.0000000000
1.2554423697 0.0000000000
1.2423625201 0.0000000000
1.2291868076 0.0000000000
1.2159179287 0.0000000000
1.2025585931 0.0000000000
1.1891115230 0.0000000000
1.1755794520 0.0000000000
1.1619651250 0.0000000000
1.1482712968 0.0000000000
1.1345007318 0.0000000000
1.1206562028 0.0000000000
1.1067404908 0.0000000000
1.0927563837 0.0000000000
1.0787066761 0.0000000000
1.0645941680 0.0000000000
1.0504216642 0.0000000000
1.0361919739 0.0000000000
1.0219079094 0.0000000000
1.0075722857 0.0000000000
0.9931879196 0.0000000000
0.9787576289 0.0000000000
0.9642842319 0.0000000000
0.9497705463 0.0000000000
0.9352193886 0.0000000000
0.9206335734 0.0000000000
0.9060159126 0.0000000000
0.8913692146 0.0000000000
0.8766962837 0.0000000000
0.8619999190 0.0000000000
0.8472829141 0.0000000000
0.8325480562 0.0000000000
0.8177981252 0.0000000000
0.8030358931 0.0000000000
0.7882641234 0.0000000000
0.7734855701 0.0000000000
0.7587029771 0.0000000000
0.7439190776 0.0000000000
0.7291365933 0.0000000000
0.7143582336 0.0000000000
0.6995866949 0.0000000000
0.6848246601 0.0000000000
0.6700747978 0.0000000000
0.6553397614 0.0000000000
0.6406221889 0.0000000000
0.6259247017 0.0000000000
0.6112499042 0.0000000000
0.5966003832 0.0000000000
0.5819787070 0.0000000000
0.5673874251 0.0000000000
0.5528290672 0.0000000000
0.5383061427 0.0000000000
0.5238211402 0.0000000000
0.5093765266 0.0000000000
0.4949747468 0.0000000000
0.4806182229 0.0000000000
0.4663093536 0.0000000000
0.4520505138 0.0000000000
0.4378440536 0.0000000000
0.4236922983 0.0000000000
0.4095975474 0.0000000000
0.3955620742 0.0000000000
0.3815881252 0.0000000000
0.3676779197 0.0000000000
0.3538336492 0.0000000000
0.3400574765 0.0000000000
0.3263515362 0.0000000000
0.3127179328 0.0000000000
0.2991587417 0.0000000000
0.2856760074 0.0000000000
0.2722717439 0.0000000000
0.2589479338 0.0000000000
0.2457065284 0.0000000000
0.2325494463 0.0000000000
0.2194785739 0.0000000000
0.2064957647 0.0000000000
0.1936028385 0.0000000000
0.1808015817 0.0000000000
0.1680937463 0.0000000000
0.1554810499 0.0000000000
0.1429651752 0.0000000000
0.1305477695 0.0000000000
0.1182304450 0.0000000000
0.1060147775 0.0000000000
0.0939023069 0.0000000000
0.0818945364 0.0000000000
0.0699929327 0.0000000000
0.0581989252 0.0000000000
0.0465139060 0.0000000000
0.0349392296 0.0000000000
0.0234762128 0.0000000000
0.0121261342 0.0000000000
0.0008902342 0.0000000000
-0.0102302853 0.0000000000
-0.0212342611 0.0000000000
-0.0321205687 0.0000000000
-0.0428881229 0.0000000000
-0.0535358775 0.0000000000
-0.0640628255 0.0000000000
-0.0744679995 0.0000000000
-0.0847504717 0.0000000000
-0.0949093539 0.0000000000
-0.1049437977 0.0000000000
-0.1148529944 0.0000000000
-0.1246361754 0.0000000000
-0.1342926119 0.0000000000
-0.1438216153 0.0000000000
-0.1532225369 0.0000000000
-0.1624947680 0.0000000000
-0.1716377401 0.0000000000
-0.1806509246 0.0000000000
-0.1895338332 0.0000000000
-0.1982860172 0.0000000000
-0.2069070682 0.0000000000
-0.2153966176 0.0000000000
-0.2237543365 0.0000000000
-0.2319799359 0.0000000000
-0.2400731663 0.0000000000
-0.2480338180 0.0000000000
-0.2558617204 0.0000000000
-0.2635567425 0.0000000000
-0.2711187921 0.0000000000
-0.2785478165 0.0000000000
-0.2858438014 0.0000000000
-0.2930067713 0.0000000000
-0.3000367892 0.0000000000
-0.3069339563 0.0000000000
-0.3136984120 0.0000000000
-0.3203303333 0.0000000000
-0.3268299351 0.0000000000
-0.3331974693 0.0000000000
-0.3394332251 0.0000000000
-0.3455375286 0.0000000000
-0.3515107423 0.0000000000
-0.3573532649 0.0000000000
-0.3630655312 0.0000000000
-0.3686480116 0.0000000000
-0.3741012118 0.0000000000
-0.3794256724 0.0000000000
-0.3846219689 0.0000000000
-0.3896907108 0.0000000000
-0.3946325417 0.0000000000
-0.3994481387 0.0000000000
-0.4041382122 0.0000000000
-0.4087035052 0.0000000000
-0.4131447932 0.0000000000
-0.4174628836 0.0000000000
-0.4216586154 0.0000000000
-0.4257328589 0.0000000000
-0.4296865148 0.0000000000
-0.4335205141 0.0000000000
-0.4372358179 0.0000000000
-0.4408334163 0.0000000000
-0.4443143283 0.0000000000
-0.4476796015 0.0000000000
-0.4509303112 0.0000000000
-0.4540675603 0.0000000000
-0.4570924783 0.0000000000
-0.4600062214 0.0000000000
-0.4628099717 0.0000000000
-0.4655049364 0.0000000000
-0.4680923478 0.0000000000
-0.4705734624 0.0000000000
-0.4729495604 0.0000000000
-0.4752219454 0.0000000000
-0.4773919435 0.0000000000
-0.4794609030 0.0000000000
-0.4814301939 0.0000000000
-0.4833012067 0.0000000000
-0.4850753529 0.0000000000
-0.4867540634 0.0000000000
-0.4883387886 0.0000000000
-0.4898309974 0.0000000000
-0.4912321768 0.0000000000
-0.4925438313 0.0000000000
-0.4937674824 0.0000000000
-0.4949046676 0.0000000000
-0.4959569402 0.0000000000
-0.4969258687 0.0000000000
-0.4978130357 0.0000000000
-0.4986200379 0.0000000000
-0.4993484852 0.0000000000
-0.5000000000 0.0000000000
-0.5005762166 0.0000000000
-0.5010787808 0.0000000000
-0.5015093489 0.0000000000
-0.5018695875 0.0000000000
-0.5021611727 0.0000000000
-0.5023857891 0.0000000000
-0.5025451298 0.0000000000
-0.5026408953 0.0000000000
-0.5026747932 0.0000000000
-0.5026485372 0.0000000000
-0.5025638468 0.0000000000
-0.5024224465 0.0000000000
-0.5022260653 0.0000000000
-0.5019764357 0.0000000000
-0.5016752936 0.0000000000
-0.5013243774 0.0000000000
-0.5009254272 0.0000000000
-0.5004801847 0.0000000000
-0.4999903918 0.0000000000
-0.4994577908 0.0000000000
-0.4988841233 0.0000000000
-0.4982711294 0.0000000000
-0.4976205477 0.0000000000
-0.4969341143 0.0000000000
-0.4962135621 0.0000000000
-0.4954606203 0.0000000000
-0.4946770142 0.0000000000
-0.4938644637 0.0000000000
-0.4930246836 0.0000000000
-0.4921593826 0.0000000000
-0.4912702626 0.0000000000
-0.4903590184 0.0000000000
-0.4894273369 0.0000000000
-0.4884768968 0.0000000000
-0.4875093676 0.0000000000
-0.4865264095 0.0000000000
-0.4855296725 0.0000000000
-0.4845207960 0.0000000000
-0.4835014082 0.0000000000
-0.4824731256 0.0000000000
-0.4814375525 0.0000000000
-0.4803962803 0.0000000000
-0.4793508873 0.0000000000
-0.4783029376 0.0000000000
-0.4772539813 0.0000000000
-0.4762055537 0.0000000000
-0.4751591743 0.0000000000
-0.4741163474 0.0000000000
-0.4730785605 0.0000000000
-0.4720472845 0.0000000000
-0.4710239731 0.0000000000
-0.4700100622 0.0000000000
-0.4690069695 0.0000000000
-0.4680160943 0.0000000000
-0.4670388166 0.0000000000
-0.4660764971 0.0000000000
-0.4651304765 0.0000000000
-0.4642020752 0.0000000000
-0.4632925932 0.0000000000
-0.4624033089 0.0000000000
-0.4615354795 0.0000000000
-0.4606903405 0.0000000000
-0.4598691049 0.0000000000
-0.4590729632 0.0000000000
-0.4583030831 0.0000000000
-0.4575606089 0.0000000000
-0.4568466613 0.0000000000
-0.4561623373 0.0000000000
-0.4555087094 0.0000000000
-0.4548868257 0.0000000000
-0.4542977097 0.0000000000
-0.4537423596 0.0000000000
-0.4532217481 0.0000000000
-0.4527368226 0.0000000000
-0.4522885045 0.0000000000
-0.4518776892 0.0000000000
-0.4515052455 0.0000000000
-0.4511720160 0.0000000000
-0.4508788164 0.0000000000
-0.4506264353 0.0000000000
-0.4504156345 0.0000000000
-0.4502471482 0.0000000000
-0.4501216832 0.0000000000
-0.4500399187 0.0000000000
-0.4500025063 0.0000000000
-0.4500100693 0.0000000000
-0.4500632033 0.0000000000
-0.4501624757 0.0000000000
-0.4503084257 0.0000000000
-0.4505015639 0.0000000000
-0.4507423727 0.0000000000
-0.4510313062 0.0000000000
-0.4513687897 0.0000000000
-0.4517552200 0.0000000000
-0.4521909653 0.0000000000
-0.4526763651 0.0000000000
-0.4532117304 0.0000000000
-0.4537973434 0.0000000000
-0.4544334577 0.0000000000
-0.4551202984 0.0000000000
-0.4558580617 0.0000000000
-0.4566469155 0.0000000000
-0.4574869992 0.0000000000
-0.4583784236 0.0000000000
-0.4593212711 0.0000000000
-0.4603155960 0.0000000000
-0.4613614243 0.0000000000
-0.4624587538 0.0000000000
-0.4636075545 0.0000000000
-0.4648077685 0.0000000000
-0.4660593100 0.0000000000
-0.4673620659 0.0000000000
-0.4687158953 0.0000000000
-0.4701206304 0.0000000000
-0.4715760762 0.0000000000
-0.4730820106 0.0000000000
-0.4746381851 0.0000000000
-0.4762443244 0.0000000000
-0.4779001270 0.0000000000
-0.4796052656 0.0000000000
-0.4813593866 0.0000000000
-0.4831621110 0.0000000000
-0.4850130346 0.0000000000
-0.4869117279 0.0000000000
-0.4888577367 0.0000000000
-0.4908505822 0.0000000000
-0.4928897612 0.0000000000
-0.4949747468 0.0000000000
-0.4971049883 0.0000000000
-0.4992799117 0.0000000000
-0.5014989198 0.0000000000
-0.5037613929 0.0000000000
-0.5060666888 0.0000000000
-0.5084141434 0.0000000000
-0.5108030708 0.0000000000
-0.5132327638 0.0000000000
-0.5157024944 0.0000000000
-0.5182115137 0.0000000000
-0.5207590529 0.0000000000
-0.5233443233 0.0000000000
-0.5259665168 0.0000000000
-0.5286248061 0.0000000000
-0.5313183456 0.0000000000
-0.5340462713 0.0000000000
-0.5368077014 0.0000000000
-0.5396017369 0.0000000000
-0.5424274618 0.0000000000
-0.5452839435 0.0000000000
-0.5481702335 0.0000000000
-0.5510853677 0.0000000000
-0.5540283668 0.0000000000
-0.5569982368 0.0000000000
-0.5599939696 0.0000000000
-0.5630145433 0.0000000000
-0.5660589225 0.0000000000
-0.5691260592 0.0000000000
-0.5722148931 0.0000000000
-0.5753243520 0.0000000000
-0.5784533523 0.0000000000
-0.5816007995 0.0000000000
-0.5847655888 0.0000000000
-0.5879466056 0.0000000000
-0.5911427256 0.0000000000
-0.5943528160 0.0000000000
-0.5975757354 0.0000000000
-0.6008103346 0.0000000000
-0.6040554570 0.0000000000
-0.6073099393 0.0000000000
-0.6105726116 0.0000000000
-0.6138422985 0.0000000000
-0.6171178190 0.0000000000
-0.6203979876 0.0000000000
-0.6236816142 0.0000000000
-0.6269675051 0.0000000000
-0.6302544636 0.0000000000
-0.6335412899 0.0000000000
-0.6368267823 0.0000000000
-0.6401097372 0.0000000000
-0.6433889501 0.0000000000
-0.6466632156 0.0000000000
-0.6499313283 0.0000000000
-0.6531920833 0.0000000000
-0.6564442764 0.0000000000
-0.6596867050 0.0000000000
-0.6629181684 0.0000000000
-0.6661374684 0.0000000000
-0.6693434097 0.0000000000
-0.6725348004 0.0000000000
-0.6757104528 0.0000000000
-0.6788691834 0.0000000000
-0.6820098140 0.0000000000
-0.6851311716 0.0000000000
-0.6882320895 0.0000000000
-0.6913114070 0.0000000000
-0.6943679709 0.0000000000
-0.6974006351 0.0000000000
-0.7004082614 0.0000000000
-0.7033897203 0.0000000000
-0.7063438909 0.0000000000
-0.7092696618 0.0000000000
-0.7121659313 0.0000000000
-0.7150316081 0.0000000000
-0.7178656116 0.0000000000
-0.7206668723 0.0000000000
-0.7234343324 0.0000000000
-0.7261669462 0.0000000000
-0.7288636804 0.0000000000
-0.7315235148 0.0000000000
-0.7341454424 0.0000000000
-0.7367284701 0.0000000000
-0.7392716188 0.0000000000
-0.7417739242 0.0000000000
-0.7442344370 0.0000000000
-0.7466522231 0.0000000000
-0.7490263643 0.0000000000
-0.7513559586 0.0000000000
-0.7536401205 0.0000000000
-0.7558779813 0.0000000000
-0.7580686896 0.0000000000
-0.7602114118 0.0000000000
-0.7623053318 0.0000000000
-0.7643496523 0.0000000000
-0.7663435943 0.0000000000
-0.7682863978 0.0000000000
-0.7701773221 0.0000000000
-0.7720156459 0.0000000000
-0.7738006680 0.0000000000
-0.7755317071 0.0000000000
-0.7772081025 0.0000000000
-0.7788292140 0.0000000000
-0.7803944225 0.0000000000
-0.7819031300 0.0000000000
-0.7833547602 0.0000000000
-0.7847487580 0.0000000000
-0.7860845908 0.0000000000
-0.7873617477 0.0000000000
-0.7885797402 0.0000000000
-0.7897381026 0.0000000000
-0.7908363917 0.0000000000
-0.7918741872 0.0000000000
-0.7928510920 0.0000000000
-0.7937667323 0.0000000000
-0.7946207575 0.0000000000
-0.7954128407 0.0000000000
-0.7961426786 0.0000000000
-0.7968099918 0.0000000000
-0.7974145247 0.0000000000
-0.7979560459 0.0000000000
-0.7984343478 0.0000000000
-0.7988492472 0.0000000000
-0.7992005854 0.0000000000
-0.7994882276 0.0000000000
-0.7997120637 0.0000000000
-0.7998720079 0.0000000000
-0.7999679989 0.0000000000
-0.8000000000 0.0000000000
-0.7999679989 0.0000000000
-0.7998720079 0.0000000000
-0.7997120637 0.0000000000
-0.7994882276 0.0000000000
-0.7992005854 0.0000000000
-0.7988492472 0.0000000000
-0.7984343478 0.0000000000
-0.7979560459 0.0000000000
-0.7974145247 0.0000000000
-0.7968099918 0.0000000000
-0.7961426786 0.0000000000
-0.7954128407 0.0000000000
-0.7946207575 0.0000000000
-0.7937667323 0.0000000000
-0.7928510920 0.0000000000
-0.7918741872 0.0000000000
-0.7908363917 0.0000000000
-0.7897381026 0.0000000000
-0.7885797402 0.0000000000
-0.7873617477 0.0000000000
-0.7860845908 0.0000000000
-0.7847487580 0.0000000000
-0.7833547602 0.0000000000
-0.7819031300 0.0000000000
-0.7803944225 0.0000000000
-0.7788292140 0.0000000000
-0.7772081025 0.0000000000
-0.7755317071 0.0000000000
-0.7738006680 0.0000000000
-0.7720156459 0.0000000000
-0.7701773221 0.0000000000
-0.7682863978 0.0000000000
-0.7663435943 0.0000000000
-0.7643496523 0.0000000000
-0.7623053318 0.0000000000
-0.7602114118 0.0000000000
-0.7580686896 0.0000000000
-0.7558779813 0.0000000000
-0.7536401205 0.0000000000
-0.7513559586 0.0000000000
-0.7490263643 0.0000000000
-0.7466522231 0.0000000000
-0.7442344370 0.0000000000
-0.7417739242 0.0000000000
-0.7392716188 0.0000000000
-0.7367284701 0.0000000000
-0.7341454424 0.0000000000
-0.7315235148 0.0000000000
-0.7288636804 0.0000000000
-0.7261669462 0.0000000000
-0.7234343324 0.0000000000
-0.7206668723 0.0000000000
-0.7178656116 0.0000000000
-0.7150316081 0.0000000000
-0.7121659313 0.0000000000
-0.7092696618 0.0000000000
-0.7063438909 0.0000000000
-0.7033897203 0.0000000000
-0.7004082614 0.0000000000
-0.6974006351 0.0000000000
-0.6943679709 0.0000000000
-0.6913114070 0.0000000000
-0.6882320895 0.0000000000
-0.6851311716 0.0000000000
-0.6820098140 0.0000000000
-0.6788691834 0.0000000000
-0.6757104528 0.0000000000
-0.6725348004 0.0000000000
-0.6693434097 0.0000000000
-0.6661374684 0.0000000000
-0.6629181684 0.0000000000
-0.6596867050 0.0000000000
-0.6564442764 0.0000000000
-0.6531920833 0.0000000000
-0.6499313283 0.0000000000
-0.6466632156 0.0000000000
-0.6433889501 0.0000000000
-0.6401097372 0.0000000000
-0.6368267823 0.0000000000
-0.6335412899 0.0000000000
-0.6302544636 0.0000000000
-0.6269675051 0.0000000000
-0.6236816142 0.0000000000
-0.6203979876 0.0000000000
-0.6171178190 0.0000000000
-0.6138422985 0.0000000000
-0.6105726116 0.0000000000
-0.6073099393 0.0000000000
-0.6040554570 0.0000000000
-0.6008103346 0.0000000000
-0.5975757354 0.0000000000
-0.5943528160 0.0000000000
-0.5911427256 0.0000000000
-0.5879466056 0.0000000000
-0.5847655888 0.0000000000
-0.5816007995 0.0000000000
-0.5784533523 0.0000000000
-0.5753243520 0.0000000000
-0.5722148931 0.0000000000
-0.5691260592 0.0000000000
-0.5660589225 0.0000000000
-0.5630145433 0.0000000000
-0.5599939696 0.0000000000
-0.5569982368 0.0000000000
-0.5540283668 0.0000000000
-0.5510853677 0.0000000000
-0.5481702335 0.0000000000
-0.5452839435 0.0000000000
-0.5424274618 0.0000000000
-0.5396017369 0.0000000000
-0.5368077014 0.0000000000
-0.5340462713 0.0000000000
-0.5313183456 0.0000000000
-0.5286248061 0.0000000000
-0.5259665168 0.0000000000
-0.5233443233 0.0000000000
-0.5207590529 0.0000000000
-0.5182115137 0.0000000000
-0.5157024944 0.0000000000
-0.5132327638 0.0000000000
-0.5108030708 0.0000000000
-0.5084141434 0.0000000000
-0.5060666888 0.0000000000
-0.5037613929 0.0000000000
-0.5014989198 0.0000000000
-0.4992799117 0.0000000000
-0.4971049883 0.0000000000
-0.4949747468 0.0000000000
-0.4928897612 0.0000000000
-0.4908505822 0.0000000000
-0.4888577367 0.0000000000
-0.4869117279 0.0000000000
-0.4850130346 0.0000000000
-0.4831621110 0.0000000000
-0.4813593866 0.0000000000
-0.4796052656 0.0000000000
-0.4779001270 0.0000000000
-0.4762443244 0.0000000000
-0.4746381851 0.0000000000
-0.4730820106 0.0000000000
-0.4715760762 0.0000000000
-0.4701206304 0.0000000000
-0.4687158953 0.0000000000
-0.4673620659 0.0000000000
-0.4660593100 0.0000000000
-0.4648077685 0.0000000000
-0.4636075545 0.0000000000
-0.4624587538 0.0000000000
-0.4613614243 0.0000000000
-0.4603155960 0.0000000000
-0.4593212711 0.0000000000
-0.4583784236 0.0000000000
-0.4574869992 0.0000000000
-0.4566469155 0.0000000000
-0.4558580617 0.0000000000
-0.4551202984 0.0000000000
-0.4544334577 0.0000000000
-0.4537973434 0.0000000000
-0.4532117304 0.0000000000
-0.4526763651 0.0000000000
-0.4521909653 0.0000000000
-0.4517552200 0.0000000000
-0.4513687897 0.0000000000
-0.4510313062 0.0000000000
-0.4507423727 0.0000000000
-0.4505015639 0.0000000000
-0.4503084257 0.0000000000
-0.4501624757 0.0000000000
-0.4500632033 0.0000000000
-0.4500100693 0.0000000000
-0.4500025063 0.0000000000
-0.4500399187 0.0000000000
-0.4501216832 0.0000000000
-0.4502471482 0.0000000000
-0.4504156345 0.0000000000
-0.4506264353 0.0000000000
-0.4508788164 0.0000000000
-0.4511720160 0.0000000000
-0.4515052455 0.0000000000
-0.4518776892 0.0000000000
-0.4522885045 0.0000000000
-0.4527368226 0.0000000000
-0.4532217481 0.0000000000
-0.4537423596 0.0000000000
-0.4542977097 0.0000000000
-0.4548868257 0.0000000000
-0.4555087094 0.0000000000
-0.4561623373 0.0000000000
-0.4568466613 0.0000000000
-0.4575606089 0.0000000000
-0.4583030831 0.0000000000
-0.4590729632 0.0000000000
-0.4598691049 0.0000000000
-0.4606903405 0.0000000000
-0.4615354795 0.0000000000
-0.4624033089 0.0000000000
-0.4632925932 0.0000000000
-0.4642020752 0.0000000000
-0.4651304765 0.0000000000
-0.4660764971 0.0000000000
-0.4670388166 0.0000000000
-0.4680160943 0.0000000000
-0.4690069695 0.0000000000
-0.4700100622 0.0000000000
-0.4710239731 0.0000000000
-0.4720472845 0.0000000000
-0.4730785605 0.0000000000
-0.4741163474 0.0000000000
-0.4751591743 0.0000000000
-0.4762055537 0.0000000000
-0.4772539813 0.0000000000
-0.4783029376 0.0000000000
-0.4793508873 0.0000000000
-0.4803962803 0.0000000000
-0.4814375525 0.0000000000
-0.4824731256 0.0000000000
-0.4835014082 0.0000000000
-0.4845207960 0.0000000000
-0.4855296725 0.0000000000
-0.4865264095 0.0000000000
-0.4875093676 0.0000000000
-0.4884768968 0.0000000000
-0.4894273369 0.0000000000
-0.4903590184 0.0000000000
-0.4912702626 0.0000000000
-0.4921593826 0.0000000000
-0.4930246836 0.0000000000
-0.4938644637 0.0000000000
-0.4946770142 0.0000000000
-0.4954606203 0.0000000000
-0.4962135621 0.0000000000
-0.4969341143 0.0000000000
-0.4976205477 0.0000000000
-0.4982711294 0.0000000000
-0.4988841233 0.0000000000
-0.4994577908 0.0000000000
-0.4999903918 0.0000000000
-0.5004801847 0.0000000000
-0.5009254272 0.0000000000
-0.5013243774 0.0000000000
-0.5016752936 0.0000000000
-0.5019764357 0.0000000000
-0.5022260653 0.0000000000
-0.5024224465 0.0000000000
-0.5025638468 0.0000000000
-0.5026485372 0.0000000000
-0.5026747932 0.0000000000
-0.5026408953 0.0000000000
-0.5025451298 0.0000000000
-0.5023857891 0.0000000000
-0.5021611727 0.0000000000
-0.5018695875 0.0000000000
-0.5015093489 0.0000000000
-0.5010787808 0.0000000000
-0.5005762166 0.0000000000
-0.5000000000 0.0000000000
-0.4993484852 0.0000000000
-0.4986200379 0.0000000000
-0.4978130357 0.0000000000
-0.4969258687 0.0000000000
-0.4959569402 0.0000000000
-0.4949046676 0.0000000000
-0.4937674824 0.0000000000
-0.4925438313 0.0000000000
-0.4912321768 0.0000000000
-0.4898309974 0.0000000000
-0.4883387886 0.0000000000
-0.4867540634 0.0000000000
-0.4850753529 0.0000000000
-0.4833012067 0.0000000000
-0.4814301939 0.0000000000
-0.4794609030 0.0000000000
-0.4773919435 0.0000000000
-0.4752219454 0.0000000000
-0.4729495604 0.0000000000
-0.4705734624 0.0000000000
-0.4680923478 0.0000000000
-0.4655049364 0.0000000000
-0.4628099717 0.0000000000
-0.4600062214 0.0000000000
-0.4570924783 0.0000000000
-0.4540675603 0.0000000000
-0.4509303112 0.0000000000
-0.4476796015 0.0000000000
-0.4443143283 0.0000000000
-0.4408334163 0.0000000000
-0.4372358179 0.0000000000
-0.4335205141 0.0000000000
-0.4296865148 0.0000000000
-0.4257328589 0.0000000000
-0.4216586154 0.0000000000
-0.4174628836 0.0000000000
-0.4131447932 0.0000000000
-0.4087035052 0.0000000000
-0.4041382122 0.0000000000
-0.3994481387 0.0000000000
-0.3946325417 0.0000000000
-0.3896907108 0.0000000000
-0.3846219689 0.0000000000
-0.3794256724 0.0000000000
-0.3741012118 0.0000000000
-0.3686480116 0.0000000000
-0.3630655312 0.0000000000
-0.3573532649 0.0000000000
-0.3515107423 0.0000000000
-0.3455375286 0.0000000000
-0.3394332251 0.0000000000
-0.3331974693 0.0000000000
-0.3268299351 0.0000000000
-0.3203303333 0.0000000000
-0.3136984120 0.0000000000
-0.3069339563 0.0000000000
-0.3000367892 0.0000000000
-0.2930067713 0.0000000000
-0.2858438014 0.0000000000
-0.2785478165 0.0000000000
-0.2711187921 0.0000000000
-0.2635567425 0.0000000000
-0.2558617204 0.0000000000
-0.2480338180 0.0000000000
-0.2400731663 0.0000000000
-0.2319799359 0.0000000000
-0.2237543365 0.0000000000
-0.2153966176 0.0000000000
-0.2069070682 0.0000000000
-0.1982860172 0.0000000000
-0.1895338332 0.0000000000
-0.1806509246 0.0000000000
-0.1716377401 0.0000000000
-0.1624947680 0.0000000000
-0.1532225369 0.0000000000
-0.1438216153 0.0000000000
-0.1342926119 0.0000000000
-0.1246361754 0.0000000000
-0.1148529944 0.0000000000
-0.1049437977 0.0000000000
-0.0949093539 0.0000000000
-0.0847504717 0.0000000000
-0.0744679995 0.0000000000
-0.0640628255 0.0000000000
-0.0535358775 0.0000000000
-0.0428881229 0.0000000000
-0.0321205687 0.0000000000
-0.0212342611 0.0000000000
-0.0102302853 0.0000000000
0.0008902342 0.0000000000
0.0121261342 0.0000000000
0.0234762128 0.0000000000
0.0349392296 0.0000000000
0.0465139060 0.0000000000
0.0581989252 0.0000000000
0.0699929327 0.0000000000
0.0818945364 0.0000000000
0.0939023069 0.0000000000
0.1060147775 0.0000000000
0.1182304450 0.0000000000
0.1305477695 0.0000000000
0.1429651752 0.0000000000
0.1554810499 0.0000000000
0.1680937463 0.0000000000
0.1808015817 0.0000000000
0.1936028385 0.0000000000
0.2064957647 0.0000000000
0.2194785739 0.0000000000
0.2325494463 0.0000000000
0.2457065284 0.0000000000
0.2589479338 0.0000000000
0.2722717439 0.0000000000
0.2856760074 0.0000000000
0.2991587417 0.0000000000
0.3127179328 0.0000000000
0.3263515362 0.0000000000
0.3400574765 0.0000000000
0.3538336492 0.0000000000
0.3676779197 0.0000000000
0.3815881252 0.0000000000
0.3955620742 0.0000000000
0.4095975474 0.0000000000
0.4236922983 0.0000000000
0.4378440536 0.0000000000
0.4520505138 0.0000000000
0.4663093536 0.0000000000
0.4806182229 0.0000000000
0.4949747468 0.0000000000
0.5093765266 0.0000000000
0.5238211402 0.0000000000
0.5383061427 0.0000000000
0.5528290672 0.0000000000
0.5673874251 0.0000000000
0.5819787070 0.0000000000
0.5966003832 0.0000000000
0.6112499042 0.0000000000
0.6259247017 0.0000000000
0.6406221889 0.0000000000
0.6553397614 0.0000000000
0.6700747978 0.0000000000
0.6848246601 0.0000000000
0.6995866949 0.0000000000
0.7143582336 0.0000000000
0.7291365933 0.0000000000
0.7439190776 0.0000000000
0.7587029771 0.0000000000
0.7734855701 0.0000000000
0.7882641234 0.0000000000
0.8030358931 0.0000000000
0.8177981252 0.0000000000
0.8325480562 0.0000000000
0.8472829141 0.0000000000
0.8619999190 0.0000000000
0.8766962837 0.0000000000
0.8913692146 0.0000000000
0.9060159126 0.0000000000
0.9206335734 0.0000000000
0.9352193886 0.0000000000
0.9497705463 0.0000000000
0.9642842319 0.0000000000
0.9787576289 0.0000000000
0.9931879196 0.0000000000
1.0075722857 0.0000000000
1.0219079094 0.0000000000
1.0361919739 0.0000000000
1.0504216642 0.0000000000
1.0645941680 0.0000000000
1.0787066761 0.0000000000
1.0927563837 0.0000000000
1.1067404908 0.0000000000
1.1206562028 0.0000000000
1.1345007318 0.0000000000
1.1482712968 0.0000000000
1.1619651250 0.0000000000
1.1755794520 0.0000000000
1.1891115230 0.0000000000
1.2025585931 0.0000000000
1.2159179287 0.0000000000
1.2291868076 0.0000000000
1.2423625201 0.0000000000
1.2554423697 0.0000000000
1.2684236738 0.0000000000
1.2813037645 0.0000000000
1.2940799892 0.0000000000
1.3067497113 0.0000000000
1.3193103114 0.0000000000
1.3317591873 0.0000000000
1.3440937552 0.0000000000
1.3563114505 0.0000000000
1.3684097281 0.0000000000
1.3803860634 0.0000000000
1.3922379528 0.0000000000
1.4039629147 0.0000000000
1.4155584900 0.0000000000
1.4270222426 0.0000000000
1.4383517604 0.0000000000
1.4495446559 0.0000000000
1.4605985668 0.0000000000
1.4715111565 0.0000000000
1.4822801151 0.0000000000
1.4929031599 0.0000000000
1.5033780357 0.0000000000
1.5137025162 0.0000000000
1.5238744038 0.0000000000
1.5338915307 0.0000000000
1.5437517594 0.0000000000
1.5534529832 0.0000000000
1.5629931271 0.0000000000
1.5723701480 0.0000000000
1.5815820353 0.0000000000
1.5906268119 0.0000000000
1.5995025342 0.0000000000
1.6082072931 0.0000000000
1.6167392142 0.0000000000
1.6250964585 0.0000000000
1.6332772230 0.0000000000
1.6412797409 0.0000000000
1.6491022825 0.0000000000
1.6567431553 0.0000000000
1.6642007049 0.0000000000
1.6714733149 0.0000000000
1.6785594080 0.0000000000
1.6854574460 0.0000000000
1.6921659303 0.0000000000
1.6986834026 0.0000000000
1.7050084448 0.0000000000
1.7111396799 0.0000000000
1.7170757723 0.0000000000
1.7228154279 0.0000000000
1.7283573946 0.0000000000
1.7337004628 0.0000000000
1.7388434658 0.0000000000
1.7437852796 0.0000000000
1.7485248238 0.0000000000
1.7530610618 0.0000000000
1.7573930008 0.0000000000
1.7615196924 0.0000000000
1.7654402326 0.0000000000
1.7691537624 0.0000000000
1.7726594676 0.0000000000
1.7759565795 0.0000000000
1.7790443747 0.0000000000
1.7819221757 0.0000000000
1.7845893507 0.0000000000
1.7870453141 0.0000000000
1.7892895264 0.0000000000
1.7913214947 0.0000000000
1.7931407725 0.0000000000
1.7947469599 0.0000000000
1.7961397039 0.0000000000
1.7973186983 0.0000000000
1.7982836838 0.0000000000
1.7990344483 0.0000000000
1.7995708266 0.0000000000
1.7998927007 0.0000000000
