# N=1024 complex numbers (format: real imag)
0.0868098836 0.9203795638
-0.4432612298 -0.6781761305
-0.1509648185 0.5891151800
0.6895522646 -0.1691720608
-0.9905622876 -0.7406901683
-0.7568617584 -0.8867256386
0.3414981695 -0.6060875632
0.6517055102 -0.9064005560
-0.7265868206 0.8044444165
0.1501866589 0.6747432879
0.7826439086 -0.0434358628
-0.5815957558 -0.7445512820
-0.6293435609 -0.3184735210
-0.7832462191 -0.0781950511
-0.5606050148 -0.6402418760
0.9572475694 0.0420221877
0.6233662982 0.5388498221
-0.6561179745 0.4944545565
0.6324494975 0.7293583386
-0.4518525059 0.5282436788
-0.1365916327 0.7050468849
0.8800596392 -0.4642051293
0.6352987576 0.4583806530
-0.3277760998 0.3752907238
-0.6491790925 -0.2982384742
-0.2543359074 0.2587983211
-0.9886229853 -0.2188876344
-0.4951472931 0.0288571882
0.5913250169 -0.3920729287
-0.9694900575 0.5939995211
0.1976867539 -0.7843538497
0.2076090781 0.4950293629
-0.7897046292 0.9338171480
-0.2361131101 -0.6856869851
-0.9270478868 0.7457917035
0.7808231269 0.4288836670
0.9618417140 -0.3013521538
-0.8801160224 -0.6238440599
0.7810918895 0.7833560071
0.1538029988 -0.3093540419
0.4849593782 -0.5891181748
0.2603678730 -0.7812065244
0.1636843848 0.3798670036
-0.9591217359 -0.9313286400
-0.5799468447 -0.0404578399
0.0893697564 0.0366133500
0.5382303422 0.1183690718
-0.4986095417 0.9136931401
-0.4282086192 0.5458733456
0.7047901757 0.4466049970
0.9500129872 0.7566298482
0.7697065870 0.9315972828
-0.2809843121 -0.3205985954
0.1977178918 0.4537704326
-0.2904087767 0.2524775006
-0.3196195693 0.6187560755
-0.6438380210 0.6629580473
-0.5246115828 0.8459448005
-0.9102754351 0.6282089465
0.0108628593 -0.4298726297
-0.2474950914 0.2117314865
0.1856108020 -0.4780055306
0.2598837512 0.6292919887
-0.7147993711 -0.0710651123
0.8676825989 -0.4534343284
0.8927597616 -0.7310137342
0.2045933155 -0.7105723097
-0.2244674393 -0.6065924886
-0.2736239918 -0.0043949707
-0.5913094463 -0.5876198651
-0.4464698772 0.5347389459
-0.5069282376 -0.4867368973
-0.6527839965 -0.4747425959
0.9332193890 0.2853148734
0.9140252007 0.9904620486
0.1959473687 0.0850197819
0.4626015061 0.4652070085
-0.3192295543 -0.2674037599
-0.8158887932 -0.8510625103
-0.0730039621 -0.6095981223
0.0173977865 0.9499087178
-0.8230796540 0.0084025563
0.0560704466 0.9712738247
0.9843160730 -0.3311548368
-0.2099281365 0.7338872581
-0.3288071166 -0.4359415967
0.6109010747 -0.0229127176
0.5086979892 0.1123441585
-0.3738671168 0.6243611627
0.2680733659 0.7057439008
0.0808091506 -0.0133393786
-0.4064124982 0.9185839380
-0.7784241976 -0.6824710634
-0.3747194042 -0.9280912434
-0.0860417399 -0.1870395140
0.3178801405 -0.3143629594
-0.4914849644 -0.4483633821
0.2822025174 0.1453565351
-0.5997527856 0.3388581919
0.3152496111 0.8086344639
0.5565784309 0.7279105800
0.5591967972 0.4925176703
0.2206563064 0.8984934569
-0.3819993030 -0.0625056421
0.3954698150 0.1403496330
0.7192365915 -0.7048031810
0.2506475155 -0.8069374738
0.9648156592 0.9677775472
0.9530002540 0.8917150909
-0.6666117376 0.8577500261
-0.9536437270 0.9739177232
-0.6785109030 0.6189413139
0.8469936505 -0.7718159942
0.9070996998 0.0814796666
-0.5780431626 0.3638762051
-0.2789494984 -0.0339082654
0.0987505233 -0.9908096186
-0.4563383016 0.7145814740
-0.0787967579 -0.5320963867
0.3923231296 0.2225847685
0.0007117933 0.3646898464
0.4321419811 -0.3961328160
0.0519118725 0.1945859521
-0.9972019538 -0.2180159867
-0.2105994266 0.1109164941
-0.0156660602 -0.7933517676
-0.1942393372 -0.9406783206
-0.2914033998 -0.3328784012
0.0012286389 0.1108362381
-0.1096467423 0.0237269664
-0.8191344236 0.1804137395
-0.4528741599 0.2909254227
0.8869541955 -0.0031824149
-0.9469107173 -0.2937417147
-0.9200026207 -0.2239803995
-0.4337192806 0.6074646112
0.1646883404 0.0358940665
0.9817856058 0.3167941715
0.9852844748 -0.8235963125
0.9862347450 -0.0552619160
-0.7799033381 0.8020388593
0.3289628919 -0.1080053458
0.0479736690 -0.7110382880
-0.6537001804 -0.8723876082
0.8859204898 -0.6077458226
-0.5162798280 0.8370558786
0.9978645377 0.3897688930
0.1653876303 -0.9388650060
-0.6334419987 -0.8641712951
-0.2263091562 -0.1276579057
-0.6206529422 0.2181911635
-0.1784586539 0.3525005436
0.1893601378 0.6743782851
0.4331721863 -0.5227476352
-0.0262170353 -0.5017300691
-0.3808203645 -0.8953056494
0.1548827457 0.6944808087
-0.1165843609 -0.5169555089
-0.2806437948 -0.8491831610
-0.3573361360 0.8331338987
-0.5835855196 -0.0532297414
-0.0974827519 -0.8316278556
-0.0163141795 -0.2726966672
0.7981526296 0.1611056465
0.4587209221 -0.6514185705
0.5401795458 -0.6466643033
-0.2491215049 -0.3117446164
-0.3125209295 -0.3572009285
0.3100704120 -0.1380098810
0.4220759864 -0.3750119330
-0.7729248496 -0.0544489823
-0.7339426213 0.0847579397
-0.0879218848 0.9291908472
-0.6805275397 0.0108365819
0.9232838075 -0.9069882395
0.6752314897 -0.3163498765
0.0403213741 -0.9137450774
-0.5634554845 0.8536977747
-0.7301625549 -0.1406466825
0.9581406910 0.2619722367
0.4140869914 -0.8085524369
0.7199511139 -0.3855548886
-0.2256547443 -0.7049504742
-0.4983319603 -0.2733633633
-0.4011239621 -0.2738335610
0.7137910568 -0.4537028707
-0.0540320189 -0.1913309633
0.3265540940 -0.3511180507
0.6114572149 0.4891882701
-0.4940389907 0.1744002428
-0.8408531221 0.9736181518
0.4655212100 -0.6203548730
0.9227949550 -0.3435593772
0.9076094683 0.3365089372
-0.0190018962 0.0095228561
0.2643841289 -0.3588043518
0.4659900397 0.1817985001
0.8048190065 -0.9099727129
-0.6755061625 0.6130687417
-0.1882373553 0.4166887381
-0.1658185288 -0.1921872301
0.3911820566 0.3768372543
-0.1503055242 0.9332025589
0.7162284521 -0.1209887994
0.6938649592 -0.5538652824
-0.8596017722 0.3640988743
-0.3964951730 -0.5956086799
0.9592473621 0.7142614207
-0.9287460069 0.9386428001
-0.0152147060 -0.7751412038
0.9047537060 -0.8476006152
0.6211475171 -0.8038636047
-0.4113391174 0.0564278862
0.1924670370 0.6766117614
-0.1376442954 0.8853189646
0.1847950060 -0.9943283064
0.7875042094 0.9295858728
0.1080423795 -0.6703826654
-0.0142669853 -0.0859306195
-0.3614590856 -0.2692175790
-0.4732684339 0.3521318188
0.0845612271 -0.3520709534
-0.8354709521 -0.3749013190
0.2712734197 -0.5378745922
0.5928104504 -0.3774416443
0.9094950109 -0.6744104830
0.3692485434 -0.7441644633
-0.0234136664 -0.6862094034
-0.0291713796 -0.4528338235
0.9333858412 0.7914428471
-0.5773042250 -0.8391462012
-0.1767037236 0.9480172171
0.9793311536 0.6021613335
-0.9431762866 0.1612454795
0.4026530282 0.9713100414
-0.9496568722 -0.4023472390
-0.3582365478 0.5728227437
-0.8529458763 0.7935254354
-0.8782308713 -0.0089730730
-0.7771873666 0.7320439003
-0.6614621837 -0.3183087202
0.2553725590 0.3613909970
-0.1232138107 -0.5269548452
0.6618075292 0.3639271798
-0.5204156209 0.5459978814
-0.6198945842 -0.1102852787
0.4237993172 -0.7633088289
0.7165898507 -0.8585269973
0.1181117712 0.4009066054
0.4088408166 0.0307812363
0.2102240710 -0.7702482675
0.1184345665 -0.5160201936
0.7207883818 -0.0676995779
0.8395107183 -0.1876401931
0.6992146515 -0.5756079274
-0.4910669290 -0.2436244922
0.7551110846 0.3333970633
-0.1297396198 -0.6335246454
0.4589886879 0.0492917434
-0.1747184649 0.4723513283
-0.6183279084 0.5383613086
0.4120390399 -0.7513986988
-0.5187343581 -0.8999311089
0.7026488537 0.7765530792
0.6482045785 -0.5705919520
0.0504235732 0.5272759199
-0.2273184114 0.2976802758
0.1817615815 0.4259171488
-0.7249527702 0.6280258761
0.6165408158 0.1007484092
0.9316516305 -0.8419980687
0.5595916085 -0.2622926974
-0.5213298358 -0.8686052357
0.7345208262 -0.5528045081
0.6162300258 -0.4979742172
-0.8726377516 0.8834967363
-0.5375433919 -0.7635904563
0.1793708974 0.6281445269
-0.7250261040 -0.3188840837
0.3568814087 0.5987048439
0.9843813790 0.8974556460
-0.4284960304 0.7887733279
0.5218255191 -0.3976679578
-0.9069456647 0.5219121902
-0.3349281870 0.1756696059
0.8891055821 0.1608434234
0.2730340825 -0.8857817478
0.2036972123 0.0341027026
0.8563693629 -0.5743628524
-0.6366411784 0.9260843321
-0.9643536319 -0.1365535364
-0.6198556477 0.2210266491
0.0437435956 0.1342629452
-0.0083560282 -0.0601163602
0.6009824111 0.2760961395
0.7188726229 -0.8140079906
-0.5740879355 -0.7086683482
-0.1254623171 -0.5461908934
-0.1567649819 -0.8314177654
-0.8905652458 0.6716714531
-0.9801326127 0.6896496723
0.5795313587 0.9724226192
-0.4493735624 0.0935659290
0.4354800091 0.8784945350
-0.1572881565 -0.8413624115
-0.7133282557 -0.0952968719
-0.6149566395 -0.1156885116
-0.3723695334 0.2926863556
0.6103403347 0.0641906829
-0.9747483393 0.6616560079
-0.9017880546 -0.8004215544
0.1320007700 -0.8153654455
0.3736213923 -0.9611237106
0.4536218101 0.5889451508
-0.0406124774 -0.6977198976
-0.2646865564 -0.8388646135
0.6799401984 0.3987740281
-0.0916728951 -0.9102610433
-0.3572683224 -0.4692981954
-0.8145602657 0.0083783301
-0.8791241357 -0.9254926048
-0.8180976656 0.1630185659
0.3654129129 0.0353214429
0.3614715345 -0.1465984373
-0.5136516682 0.8305319643
0.2809228843 -0.1484205335
-0.8617216338 0.6183814897
0.7458399235 -0.8802639719
-0.7807861003 -0.8232649079
-0.6618884698 -0.2894308562
-0.0652440171 -0.7046240252
0.5518984388 0.3844617851
0.7088890314 0.5705843064
-0.5792271105 -0.1657240304
-0.8467162615 -0.3533044405
0.5778295942 0.8322140943
0.0950000023 0.6748254514
0.5725097256 0.1939203556
0.8400940857 0.4926153949
-0.0380544681 0.2610542773
-0.0808926600 -0.9708707026
0.1979583110 -0.6740820462
0.1986375614 0.1796025141
0.0087469025 -0.9758638188
-0.3862429405 0.4298129025
0.0827059607 -0.2608109347
0.8498538868 -0.7469886983
0.9411016041 -0.1591544633
-0.2084107802 0.5176249274
0.5974905451 -0.3060855559
0.2701762955 -0.9256967551
-0.5400616695 -0.5188984274
-0.8975858143 -0.3133773025
-0.9430723877 -0.5866935520
-0.7543044962 -0.7300512965
-0.5595749643 0.1895054608
0.6580455074 -0.7578282740
-0.4290163446 0.6776318183
0.5621281653 0.0252248515
0.0093316252 0.5172502741
-0.7231021524 -0.2310564247
0.5560731047 -0.8874571850
0.8426635870 -0.8049790039
0.8860372641 -0.1364245847
0.4088715945 0.5877705256
0.3878328910 -0.8117318847
0.0931036267 -0.6781398368
-0.2615655405 0.9143954652
0.9649351495 0.6777779698
-0.8687815491 0.6796219011
0.7953566215 -0.7940824795
-0.4721380218 0.3712819318
0.1489516840 -0.8042939484
0.0257325362 -0.1113573115
0.1089536161 0.9281837680
0.2943346637 0.1512273721
-0.6290516819 -0.0883032501
-0.4560435914 -0.1394193917
-0.7031226845 -0.1886637691
-0.9393916588 0.8927209657
0.8785111683 -0.6551554113
-0.3064917396 -0.4045742186
-0.7808707914 -0.8466446844
-0.2433460087 0.2727426003
-0.2318410819 -0.5292727616
0.3308473758 0.3818633243
-0.5110181414 0.4030671957
0.3229619475 -0.0491959408
-0.8030142324 0.3786821370
0.1617254953 -0.8304969194
-0.7862689907 -0.7350755568
0.0965090149 -0.8563551521
0.0395034154 0.7912060337
-0.4075317643 0.5137844393
-0.0885418980 -0.0198299186
-0.9226669597 -0.5253894475
0.1980060498 -0.5709404757
-0.9990264810 -0.8749853813
0.0036271874 0.1855559080
0.0034522434 -0.8607032399
-0.8786606082 0.8447684360
0.8996738783 -0.5249371852
0.2173180903 -0.1904088711
0.3440053676 -0.7427156503
-0.0744529526 0.1675061367
0.4085461905 0.5205653240
-0.6378657177 0.7395725089
0.2951643547 -0.1303711365
0.1362174697 0.4765190392
0.9082766291 -0.2839115026
0.5933804778 -0.4215935787
0.1706207854 -0.0393470826
-0.0892900659 -0.0167008169
0.4769030611 -0.8767377555
0.6244725559 -0.6033645507
0.8545823471 0.3266777962
0.6527512134 0.2595060119
-0.9400868047 0.8295461378
0.5456056436 0.1855012446
0.0435547872 -0.7834664722
0.7707746645 -0.1397083085
-0.0828766658 -0.0880764230
0.0814451523 0.1689178175
0.8155299965 0.4097043582
0.1126200806 -0.1614245423
-0.6257705554 0.5305325811
0.3622227351 -0.8292791573
-0.9723066292 -0.9169209642
-0.2398166843 0.4348446226
0.6173689803 0.4977720110
0.1522508248 -0.6007288916
-0.6964309909 0.5515439752
-0.3402904792 -0.8245711326
0.9035462923 0.8688521874
-0.9392305540 -0.6229091277
0.5563470543 -0.5891564506
-0.6372322803 -0.0188149267
-0.5726862631 -0.5736877925
0.3051924458 0.5582178607
-0.7118161079 0.2352637810
-0.2379854588 0.6647210459
-0.1885309349 0.4114564507
0.3179308691 0.5418474864
0.0236453474 0.0192951312
-0.0348297923 -0.6044907001
0.0480435966 0.9645435968
0.6125717465 -0.5913978059
0.6087821613 -0.5354262682
-0.7045991278 0.2369050202
0.9869071542 -0.1209648982
-0.8644645285 -0.7448255407
0.9916316139 -0.7483137282
-0.7531006147 -0.4795884823
-0.8761416041 0.8203748797
0.4080708836 0.7914539841
0.9219593060 0.6252349900
0.4243018958 0.2635120023
0.3261626446 0.1978726620
-0.7326500756 0.1985737490
-0.6393096615 -0.0342913217
-0.6865682622 -0.8254603856
-0.8190530374 0.7323664988
0.9437322965 0.3532356512
0.0197222606 0.1128640649
-0.0982450474 -0.6491145593
-0.3405980430 -0.6771355246
-0.0129759159 -0.4418766528
-0.7127980298 0.3057660655
-0.6981594183 -0.2340031825
0.6306771589 -0.0801655156
-0.5774362324 -0.7658472733
-0.8269153553 0.6409963747
-0.2254851649 -0.9468915303
0.7868068280 0.4754127280
-0.1427134041 0.7166301546
0.5326080244 0.4889127335
0.9905308040 -0.7869797686
-0.9598742982 -0.1782006897
-0.7836035427 -0.3259282235
0.3894853430 -0.8003258793
0.7813281009 0.8461831545
-0.0150473524 0.6603638915
-0.8594640192 0.1075686653
-0.8231252713 0.9589629097
-0.7875836829 0.6464302947
-0.5974822435 -0.0442403949
0.7547280107 -0.7680866992
0.8864450044 -0.1642447203
-0.7287277240 -0.2961437434
0.7174539454 -0.7434348455
0.5143165649 0.5733427423
0.3723432289 0.5569140176
0.7127867803 -0.6073127322
-0.5382444942 -0.7036670285
0.0386759584 -0.5134137695
-0.3133331096 -0.9621844848
0.3175458587 0.5774471394
-0.4344194923 0.1838014708
0.0049328675 0.5439888434
-0.3934449609 -0.8070719086
0.1050588469 -0.5352392639
-0.6777458059 0.2181301262
0.1370979292 0.7463342582
-0.0285802638 -0.5456715895
-0.7449609130 -0.4282533874
0.0873843385 -0.8072113368
-0.5990187825 -0.5691345470
0.3403217200 -0.3244132016
0.1162244341 -0.9964988841
-0.5352433650 -0.3929143297
0.0311769712 0.1021887145
-0.3700160532 -0.7010999841
0.6931850978 0.7348678602
-0.1052474394 -0.0396715484
-0.7998295512 -0.5321643290
0.8031841708 -0.9603253754
0.7121764971 -0.4133575738
-0.4273402522 -0.7631642552
-0.4819704591 0.8057940241
-0.8672572529 -0.5860046543
-0.3647366567 0.1506130857
-0.8963140095 0.3724085265
0.8883766357 0.4853568612
0.4344346041 -0.0733295018
0.1073184003 0.4868991267
-0.2805104602 -0.3482902770
-0.6816353978 -0.6350901323
-0.1340839177 -0.8989542502
-0.4412756462 -0.4948695170
0.9220752643 0.8581502669
-0.8037356884 0.3796967354
-0.1860088951 -0.3618225279
-0.9832471080 -0.0165226313
0.1361178592 -0.2952235669
0.1532195367 0.7079324955
-0.7257114773 -0.4934327142
0.3444371321 -0.4324881980
-0.7142525451 -0.6184543958
0.0184629945 0.0998021892
-0.2624760949 0.0439248169
-0.5017852213 -0.7021221268
-0.7274357559 0.3770090104
-0.7614177358 0.8209606483
-0.8952237471 -0.0372831096
-0.1302013706 0.1504848644
0.5414107612 0.1178207347
0.7018283646 0.7451015119
0.2425653349 -0.9725705642
-0.2402246232 -0.9667213398
0.3598220728 0.7363868276
-0.3724689915 0.1845800332
0.4532759660 0.1541211670
0.8289663822 -0.9426315867
-0.8102090385 0.8887676833
0.3299539037 0.1362691022
-0.2862544119 0.7731512191
0.5245818405 0.5074020449
0.8900113823 0.2759949094
-0.5525155943 0.9707119684
-0.8854935615 -0.6181344390
0.2856037005 -0.7452019530
-0.8224457829 0.3569719598
0.3358768300 0.2608940484
0.2144427703 0.1190981666
-0.9608003605 0.4684260473
-0.2124133113 0.1744567188
-0.0809853946 -0.2898134460
-0.9577279769 0.9555343809
-0.2526181973 -0.2684855374
0.1311342740 0.8363988159
-0.9822496460 0.0908451747
-0.6743093072 -0.2966300959
0.7962634739 0.7414596374
-0.2891333628 -0.7403390711
-0.3804929697 -0.0429252833
0.1643133565 -0.2393374520
0.0443292439 0.7738117517
0.7649115387 -0.8773370344
-0.4553110703 -0.2655577409
-0.4003598864 0.6942990101
-0.3832265864 -0.0078120651
-0.7979914566 -0.8728951758
-0.4099566028 -0.8142543942
0.4578095841 0.3846850418
-0.3162422146 0.0880847130
-0.4278636890 0.1742017639
0.9126952122 -0.1098174960
0.9989583023 0.6391055900
-0.3252961572 -0.3525638463
-0.0497568864 0.0607307763
0.6592993200 -0.6496164305
-0.8011897074 0.4292433967
0.0162292834 0.1075083600
0.6676731327 -0.8393649796
0.5402459868 -0.7536666222
0.6320006995 -0.2339577814
-0.8969000472 -0.6849163932
0.3626475757 0.5527789938
0.9265872656 -0.9473386909
0.4018949131 -0.4482975690
-0.1803070564 -0.2686432825
-0.5859188223 0.5126923250
0.9120453338 -0.1033975731
-0.1879776457 -0.7130395078
0.4337602618 -0.3144558666
0.3446628169 0.6296195362
0.6842742051 -0.1758285423
0.8814807846 -0.0285345784
-0.0603977866 0.7833590545
-0.7845669522 0.2781534212
0.1333707975 -0.9191655397
0.9595540598 0.3340262220
-0.1321705969 -0.3516702161
0.6360688730 -0.8354283326
-0.1255008066 0.0903897016
0.6210685986 -0.5573673803
-0.5407830684 -0.2699579463
-0.1780437097 -0.4035201589
0.4619022796 0.6668331314
0.2746288125 -0.8423465429
0.5382853616 0.1639395876
0.9124480845 0.1247286457
-0.2479866763 -0.4963338130
0.7914028436 -0.6888855896
-0.5830390087 0.1765886098
-0.8736071200 0.2136869440
-0.5211566542 0.4597396123
0.5603984977 -0.3877503923
-0.2478491170 0.5221560053
0.1629674591 0.8713981106
-0.5165957287 -0.2055741692
-0.1228908265 0.6928973255
-0.6390954537 0.2991264470
-0.2537590643 0.1260292779
0.7278667815 0.5903591032
0.7119873506 -0.3967448095
0.8801590991 -0.4481533561
-0.1885200207 0.1102828297
0.9646204270 -0.8718614740
-0.0347921124 -0.0069750051
0.7542415649 -0.2456648643
-0.1822415595 0.5150052624
-0.3604535475 -0.4017496943
0.2849371963 -0.9079147347
0.4187308916 -0.2799424850
0.4846936335 -0.0550690178
0.2090292543 0.1297761039
0.7168830948 0.8049002526
0.2998136766 -0.2174552908
-0.4590282216 0.5914562562
0.7169497313 0.6895774416
-0.6383500640 0.4891503956
0.0754102303 -0.3349346208
-0.2261401649 -0.4740757186
0.2391704185 0.4733318810
0.0971726119 0.4541060065
-0.0722119760 -0.2168237377
0.6528896765 0.0937644085
-0.1980043451 -0.0642037582
0.2390065595 -0.2394718176
0.0014182367 0.0086127069
0.0017790083 0.1376157104
0.2178062076 0.3624385550
0.9907304820 -0.1232037371
-0.5041009616 -0.5952021957
0.4768668118 0.0670523503
0.8600878364 -0.3898638273
0.1688241514 -0.0759890588
0.7612943042 0.3612418875
0.3841182396 0.1530819645
-0.2971634412 0.3031295507
0.6413989017 0.8329604830
-0.5258300776 -0.5882177546
0.8433873370 0.3085084627
0.8376978091 0.6430782738
0.2590614237 -0.9510961177
0.0244462341 -0.4081656210
-0.4002969574 0.8313032800
-0.0978758018 -0.1862634190
0.4342871667 0.7258027761
-0.4205784606 -0.9182806409
-0.5823116905 -0.8374863676
-0.3669261625 -0.5608837110
0.1464692337 -0.5656238273
-0.0749475454 -0.0511359230
0.0052371283 0.1202212940
-0.0255169125 -0.8399034877
0.5584545393 0.8498800746
-0.2197282193 -0.3836259850
0.5370703557 0.6343736741
0.7229365255 -0.6717155458
-0.6930991165 -0.3917851005
0.2307089983 0.8971654524
0.0264631048 -0.7790906044
0.9785312778 -0.2677055016
-0.8343494240 0.4339057669
0.4229398524 0.0908143318
-0.4536911659 -0.9925165268
0.9898828528 -0.3984375943
-0.2905441721 -0.8295614421
-0.8227491717 -0.9898575995
0.9665007538 -0.8879268089
-0.0415140363 -0.0563976744
-0.0356659590 0.2619835741
0.0530908321 -0.0720834579
0.8861486536 -0.1852949610
-0.0185922966 0.9828250406
-0.9397392077 -0.5622023118
0.8709406856 0.1778812759
0.4945600018 0.4890552413
0.4608229842 -0.5606543376
-0.7894376911 -0.3663697409
0.5312051261 -0.0659192011
0.4157580892 0.5759745956
0.8450762874 -0.2267124134
0.0181427249 0.8256817839
0.4242199368 -0.9584663181
0.7420966431 -0.2520458971
-0.1386763701 0.2774837220
-0.0257426176 0.5199172180
-0.7555363996 0.6504233938
-0.6199678327 -0.9192648560
0.1994810608 0.5690775734
-0.4038447427 0.6944511634
-0.6346332644 -0.3934825015
0.0060553806 0.9127580822
0.9013392743 0.7896049458
-0.5348398161 -0.3760232481
0.4781640885 -0.2174375502
0.5233426285 -0.6853680723
0.5321129594 -0.1321587610
0.8489916032 0.6022948222
-0.3543825478 0.9270796551
0.3578857675 -0.1500829596
-0.6563600208 -0.2817858016
0.4191478876 0.4166646749
-0.0213532305 0.1408383565
-0.1161574615 -0.7355307687
0.2931515956 -0.0289101683
-0.0431328365 -0.8907837471
0.5619671307 -0.1479619748
0.1275689191 -0.2746092894
0.6983207446 -0.8538317147
-0.3350250147 0.3486473248
0.3752766915 0.6253261393
-0.3793482848 -0.5994721225
0.3215909230 -0.8416653761
-0.2910506445 -0.6003788207
-0.8773750277 -0.2635593418
-0.1121830296 0.0135742002
0.4166516995 -0.7188295043
-0.4851626844 -0.8984399079
0.2367260558 -0.5072798381
-0.7567494430 0.2843407487
0.2746486162 0.2001620130
-0.8834165062 0.5603946677
-0.9047517975 0.3965144678
0.0238891184 -0.9635725324
-0.4013700182 0.6109665597
-0.3071277293 -0.1155137419
0.2984348692 0.0931779102
0.8977765402 0.2900562003
0.0324837584 0.1458370819
0.4270868815 -0.7519920207
0.1723224976 -0.5364744053
-0.2101283237 0.0728735387
0.3436330506 0.2624501097
-0.5256588474 -0.6471062876
0.6964182925 0.0793681967
-0.4150536660 0.1069273282
-0.7586873479 -0.3978947447
-0.1376316108 0.6533341183
-0.4560968785 0.9128351180
-0.4525474478 -0.4722697318
0.2844051387 -0.6945046313
-0.1001753430 -0.6050192504
0.8169695457 -0.1920701297
0.5507943361 0.1802079791
-0.3217749601 -0.0018027344
0.4074813007 0.3196576014
-0.5217627571 0.8033800689
-0.5896778484 -0.4157712941
0.3679372017 0.2991415040
-0.1666094221 -0.9716623514
-0.6095771051 0.2367571369
-0.2193408494 0.8323313319
-0.8029531537 0.8956410010
-0.3549112402 0.2581805476
0.7789562714 0.2003654684
0.8845438299 0.1830546543
0.3149415149 -0.6226214426
-0.6087425024 0.8488790586
0.0513575215 -0.1114483522
-0.3783817918 -0.6920691951
0.1106967887 -0.9671393245
0.0710596147 0.0993137836
-0.0697741422 0.7083366557
0.5357291887 -0.2782423613
0.7738939434 0.9915578579
0.6596187368 -0.8053722820
0.9176861579 0.8376555302
0.8221279922 0.8425909668
-0.7606504323 0.7679239795
-0.7710628101 0.5189613704
0.9939300127 -0.7447065608
-0.9199833481 -0.3160173043
0.7191274890 -0.3001364980
-0.0689899326 0.2353561566
-0.4220033452 0.3985936318
0.4665279156 0.7644323975
-0.0556151007 -0.7246993981
-0.2679324360 -0.6781532583
-0.8525138282 0.4902149914
0.6424106047 -0.1070438916
-0.0239661704 -0.6307945769
0.5141241297 0.2742547771
-0.2578438548 -0.1235111010
-0.4609903505 -0.6458937671
0.4691892709 0.6215224035
0.6931290526 -0.5583577783
0.5463194254 0.8280412759
-0.8054737601 -0.1287362105
-0.3742303892 0.3283346412
-0.8914052575 -0.6804439325
0.9928357290 -0.1812329300
-0.6446025313 0.3939557730
-0.2575379904 -0.8288746925
-0.2821348158 0.1276643918
-0.5216381162 0.7969745403
-0.6117511072 -0.6636410924
0.4443137396 0.6747766665
0.9926997248 -0.4911223238
0.3157621231 -0.2375204863
-0.6207186637 0.3514010603
0.5921000268 0.3028257791
0.2662976681 -0.5895483303
-0.8800506811 0.3421483359
-0.0975260717 -0.7857172642
-0.2036888403 0.6347032206
-0.0850245776 0.3974813567
-0.6534091828 -0.3239342399
0.1103204493 -0.0468111417
0.3511514056 0.9631131185
0.6528556813 -0.8470770706
0.5079506928 -0.7085196389
-0.9238674702 -0.2741400112
0.5902273038 0.6276083121
0.3078636142 -0.2831362069
0.2099866047 -0.8993958599
-0.9984017470 0.7953655473
-0.9737704371 -0.6533268479
-0.7057903013 -0.7811385711
-0.4687521626 -0.4049138766
-0.8790109834 -0.7656668343
-0.4842687383 0.0523143451
-0.5418773340 0.0292121737
0.6481675422 0.4069251481
-0.5962910269 0.5047188652
0.7621846513 0.3465699680
-0.5712709886 -0.3782125978
-0.8175049989 -0.6445082332
0.4916115870 0.2276030853
0.0086800701 -0.5590819556
0.1724040866 -0.5112301481
-0.2716877736 0.4905982184
0.1065079191 -0.6659336122
0.6256893982 -0.7123896708
-0.7198534852 -0.5256800426
-0.4647497958 -0.4906456972
0.4790971005 -0.9958931939
-0.4524078438 0.9312804810
0.1937229288 0.9783885598
-0.3227550639 0.4439816428
-0.8567924108 0.0873259651
-0.0028062486 -0.5910643327
0.4289826192 0.6444209462
0.9812685255 0.4263566718
-0.3876715716 0.8316346014
-0.1363620126 0.6106517493
0.0963671197 -0.5516461737
0.1845578243 0.7008030013
-0.7841312355 0.0559688938
0.4436060476 -0.8671702665
-0.4243701323 -0.7130049803
0.4203909819 0.9973567720
-0.4701653200 0.6245976451
-0.3414164456 -0.8168945578
-0.6921214336 -0.2330560872
-0.3885274450 0.9554472774
0.5351871369 0.1485046864
0.1476960880 -0.6210782831
0.9434204702 -0.9798973642
0.3836987361 0.1351696774
-0.0172754841 0.9442220796
-0.1620923738 0.0325636491
0.9057568441 -0.1109624239
-0.7115549566 -0.4027129873
0.0424206117 0.6625441949
0.7782989084 -0.4296010706
0.4486323058 0.7966714287
0.3048546056 0.4574813148
0.1464217544 -0.5873370969
-0.6298344868 -0.4085617750
0.2277617377 0.5947260226
-0.8460995742 -0.5995882308
0.3361890340 -0.9475830781
-0.5370404706 0.0863137811
-0.5525230563 0.1554080409
-0.8413687131 -0.6959838695
0.0581062813 -0.4549144499
-0.4155855501 -0.9267538961
0.0694886605 -0.8973272126
-0.0067210649 -0.8857500627
-0.1225725062 -0.2553600737
-0.1806657164 -0.4903384853
-0.4787779703 -0.6707411922
-0.8212503244 -0.3202427760
0.6133732641 0.7431344910
-0.6868493685 -0.7205862429
0.8278522905 0.0662562573
-0.1066692602 0.3698845858
-0.1011982781 0.2447813681
-0.8364112540 -0.9618437579
0.3929868324 0.7746976374
-0.5868556925 0.7155547831
-0.8085937996 -0.5828533278
0.4440214446 0.3580698384
-0.2126896274 0.6371984733
0.1822261517 0.7947256996
0.0255292364 0.4829569267
-0.9504151183 0.1442523038
0.5255892278 -0.3544273186
-0.4684763879 -0.9353462470
0.9576536804 -0.3654870513
0.8973720137 0.9766605505
0.4513399470 0.5837080454
0.4510100411 -0.8098723798
-0.8983504184 0.6404440049
0.1881322287 -0.6754899995
0.4342533128 0.1985484916
-0.9162540983 -0.3772629006
-0.0283033331 0.0658415321
0.9736485179 -0.0665286982
-0.9043473302 0.7976235273
0.1577039483 -0.5644299567
-0.8568812042 -0.5374840583
-0.4397165114 0.4867457961
0.4036436520 0.3264824144
-0.6753561208 0.1162896479
-0.0154270256 -0.4898704909
0.9090914226 -0.8816824718
0.1787103247 -0.6443831828
0.2132536404 0.2909832544
0.7359730881 0.7608565482
0.8730958737 0.1259189403
-0.7116790801 0.9839942622
-0.4459856196 0.3570499709
-0.7493561255 0.5306976808
0.7694415763 -0.4737103406
0.6534755409 0.5609779766
0.9907177622 -0.6087942224
0.6277392316 0.4520828295
-0.7617085988 0.1545493491
0.8630735670 0.9839101643
-0.9860266145 0.5827632100
0.0767924989 0.1386062687
0.5650030844 0.2617820282
0.7777385035 -0.0420903191
-0.3892487449 -0.7184090232
0.2893550079 -0.3417796593
-0.7501613067 0.5512325231
0.2171686007 0.2660620055
-0.6210031212 -0.7895050553
-0.1218683612 0.9617956367
0.9408252060 -0.2704038168
-0.8638144895 0.5571293935
-0.5896542755 -0.4811129347
0.0151438819 -0.9539936396
-0.7189997648 0.3088148405
0.8674767115 0.9384326699
0.2130908634 0.3979030844
-0.0769369417 -0.9358912895
0.6030043418 -0.9934095790
0.3974146242 -0.7553791201
0.4891146858 0.4597845907
-0.3496724428 0.4872941679
-0.6430984257 -0.6249949428
-0.9712969947 0.9863451566
-0.7859005454 0.9084257066
-0.4538965981 0.1915867538
0.2330435509 0.8165508487
0.8951584475 0.4248927857
0.8129447377 0.5631892185
0.9301880564 -0.2958632024
-0.3247578527 -0.5199875752
0.3128061753 0.6490407578
-0.4170884380 -0.4327800651
-0.6982615529 -0.2740347705
-0.9261358731 -0.4617301443
0.1959274850 -0.9478309896
-0.9445354449 0.0360610444
-0.2355254718 -0.1611388287
0.9065018241 0.5017527584
-0.5556029455 -0.5979985033
-0.3897477597 0.1047813578
0.6386396038 0.2081183815
0.1569396318 -0.0285374998
-0.9447656310 -0.5341983027
0.9087755435 -0.8442537439
-0.3757223508 0.8486377687
-0.6318542426 -0.8186513789
-0.9670607467 -0.1003309313
0.0481219403 -0.2121615278
-0.6660864669 0.8490628779
0.6258840937 0.1260115899
-0.9943323949 -0.4359999886
-0.8015247610 0.0856840516
-0.1532583942 -0.2024802423
-0.9883818013 0.0956352565
0.2878568648 0.7709273464
0.0517791429 0.3325387025
-0.5018222316 -0.8003125572
-0.4576098906 0.4203127518
-0.8823873200 -0.2531611305
