# N=32 complex numbers (format: real imag)
0.6696842973 -0.5941248140
-0.7904077913 -0.0896214066
0.4892809634 0.5891498325
-0.2789983275 0.9816453620
-0.2813783244 0.6100344012
0.2184767612 -0.2451691886
-0.2124408978 0.0314748512
-0.1818547803 -0.8822021573
0.0198048192 0.4221913724
0.4202959867 -0.8549843732
0.9210524504 0.7652231639
-0.0867577821 0.4521156371
-0.1446969579 0.6667324249
-0.7730725978 0.4204613677
-0.5642022613 0.3948598364
0.9149441381 0.8602056068
0.8867014408 0.7633454977
0.7636485623 -0.8100560334
0.2928211248 -0.0870071655
-0.5723503757 -0.0145530163
0.2736640276 -0.7820529921
-0.7217074960 -0.6925310783
-0.0825918594 0.9685680666
0.7477263703 -0.4568796926
-0.4830993883 0.7943037732
0.3297021955 -0.6715307090
0.7253486721 -0.7352834105
-0.7023038739 -0.3652931947
0.1258999163 -0.3851548823
-0.6816894724 -0.1558896265
-0.6542101468 -0.3380072184
-0.7919540780 0.1361507458
