# FFT output for chirp_32.txt (N=32)
4.0000000000 4.0000000000
4.3728074681 3.5886703454
5.2262518594 2.1647844008
5.6296149504 -0.5544686770
4.0000000000 -4.0000000000
-0.5544686770 -5.6296149504
-5.2262518594 -2.1647844008
-3.5886703454 4.3728074681
4.0000000000 4.0000000000
3.5886703454 -4.3728074681
-5.2262518594 -2.1647844008
0.5544686770 5.6296149504
4.0000000000 -4.0000000000
-5.6296149504 0.5544686770
5.2262518594 2.1647844008
-4.3728074681 -3.5886703454
4.0000000000 4.0000000000
-4.3728074681 -3.5886703454
5.2262518594 2.1647844008
-5.6296149504 0.5544686770
4.0000000000 -4.0000000000
0.5544686770 5.6296149504
-5.2262518594 -2.1647844008
3.5886703454 -4.3728074681
4.0000000000 4.0000000000
-3.5886703454 4.3728074681
-5.2262518594 -2.1647844008
-0.5544686770 -5.6296149504
4.0000000000 -4.0000000000
5.6296149504 -0.5544686770
5.2262518594 2.1647844008
4.3728074681 3.5886703454
