# FFT output for dc_32.txt (N=32)
32.0000000000 0.0000000000
0.0000000000 0.0000000000
0.0000000000 0.0000000000
0.0000000000 0.0000000000
0.0000000000 0.0000000000
0.0000000000 0.0000000000
0.0000000000 0.0000000000
0.0000000000 0.0000000000
0.0000000000 0.0000000000
0.0000000000 0.0000000000
0.0000000000 0.0000000000
0.0000000000 0.0000000000
0.0000000000 0.0000000000
0.0000000000 0.0000000000
0.0000000000 0.0000000000
0.0000000000 0.0000000000
0.0000000000 0.0000000000
0.0000000000 0.0000000000
0.0000000000 0.0000000000
0.0000000000 0.0000000000
0.0000000000 0.0000000000
0.0000000000 0.0000000000
0.0000000000 0.0000000000
0.0000000000 0.0000000000
0.0000000000 0.0000000000
0.0000000000 0.0000000000
0.0000000000 0.0000000000
0.0000000000 0.0000000000
0.0000000000 0.0000000000
0.0000000000 0.0000000000
0.0000000000 0.0000000000
0.0000000000 0.0000000000
