# FFT output for impulse_32.txt (N=32)
1.0000000000 0.0000000000
1.0000000000 0.0000000000
1.0000000000 0.0000000000
1.0000000000 0.0000000000
1.0000000000 0.0000000000
1.0000000000 0.0000000000
1.0000000000 0.0000000000
1.0000000000 0.0000000000
1.0000000000 0.0000000000
1.0000000000 0.0000000000
1.0000000000 0.0000000000
1.0000000000 0.0000000000
1.0000000000 0.0000000000
1.0000000000 0.0000000000
1.0000000000 0.0000000000
1.0000000000 0.0000000000
1.0000000000 0.0000000000
1.0000000000 0.0000000000
1.0000000000 0.0000000000
1.0000000000 0.0000000000
1.0000000000 0.0000000000
1.0000000000 0.0000000000
1.0000000000 0.0000000000
1.0000000000 0.0000000000
1.0000000000 0.0000000000
1.0000000000 0.0000000000
1.0000000000 0.0000000000
1.0000000000 0.0000000000
1.0000000000 0.0000000000
1.0000000000 0.0000000000
1.0000000000 0.0000000000
1.0000000000 0.0000000000
