# FFT output for random_1024.txt (N=1024)
-10.5036354483 -37.5815789576
-18.0885695207 25.8193837146
-18.8228208143 -12.2928455337
17.1619134218 13.7583206028
-13.2318460594 29.4504814351
20.2868011934 -7.2000317430
-24.7806848274 -21.1063103684
-28.9387075765 -15.1862147832
-2.3675196242 -9.6882531156
-19.1675172513 0.7660621247
7.4746569147 -6.8928279947
-7.0150817394 17.5812315360
28.8715230049 -51.7191655038
-0.8400459172 -20.1744960248
-11.0949327775 17.3318687357
13.8834271373 -0.3112601257
-20.8246450724 -16.1407133629
-1.5137698109 10.0853608769
-32.0873024287 -1.1649891959
6.9290937150 -7.7387578131
20.0938348176 11.9572327949
-19.9890473685 -1.8803910830
28.7352284828 17.4850897214
5.6246253070 -16.3000566453
-18.2337937955 -6.0389913487
-10.4258695511 -12.5877377329
3.6133798102 -24.6053995655
1.4889391395 22.4568057436
31.9678027505 -30.1473003526
-13.4911358370 -14.9611753252
0.4402797284 -9.6346659687
0.2267512971 -3.4674821436
18.6270239020 -22.6560286019
-26.5847246414 7.3255146327
-48.2472540011 0.2516346204
-42.0441146830 20.9559361299
-27.0810599295 18.9332731484
-7.7197224331 -10.7212622740
-28.6372169072 -2.2098703200
-2.5376201746 11.5909256927
9.9138687515 6.0985745858
11.1105893172 21.4185436560
-20.1247287667 -7.9887009323
-9.1882776579 -6.8625299381
-12.2178022555 2.3695846095
24.5332708228 -40.7457065307
15.3422005707 -26.2860328776
-32.6249206129 29.6979902352
34.1925323370 -5.9683848128
19.9002397446 18.3423888743
4.1132338136 -8.5589168990
-23.6583158119 -0.5946250642
-12.8980355409 5.8201465105
-24.0580679164 -17.8625252735
22.0447437996 -18.4252234810
-13.3152926619 6.0535552039
9.9690080551 21.9968789159
-17.3536015602 6.7181726452
32.1830553253 22.5375910269
25.3189900396 3.1342732386
-16.2147344611 14.1854992423
0.6190113333 33.6156889319
10.9508469969 -11.2208459208
15.5021242575 -22.1833277874
-2.3436079505 3.7931760201
-24.6959282963 -7.2859947157
-5.5933017365 -8.8572442349
10.8423615627 -3.5606507973
13.4325240205 -2.1011301536
-4.7230283743 -27.9133835874
-11.0906835066 14.4830891153
2.9413179345 12.1473923443
-3.9950982380 -14.1908199367
10.6900587009 -4.7710169246
-5.0132626319 19.2099447381
-11.2884592083 -9.9204542753
-4.0904088141 14.9018228718
-6.9076591432 -0.0654832986
-26.9061739070 -17.9870880311
7.7279830033 -3.6772505371
3.3624368655 10.7947685838
-13.8278501049 19.5069270066
6.8691415216 -21.1514224333
-9.6283477003 -1.6798065696
-4.3617689841 2.1509021798
-7.6078054341 11.7014219113
25.8819523969 -21.2435412731
-7.8621865168 8.1379156034
-39.5874470261 4.5874218255
-14.6857962422 -26.3585446688
-15.6271971834 -31.9548981381
-13.4182599348 12.1943160192
-17.7809039592 33.3293838265
-9.4456142421 0.8281843926
2.1302635049 9.5122706732
19.0784258059 -2.4408553775
12.5889495488 22.1819437588
13.3357374091 -24.7175141141
23.5211817576 -1.0088752160
1.5189104469 -10.8779976524
3.3934212142 1.8485009367
1.3699995646 26.5495213848
-19.9025838683 1.8163579293
1.1060682609 40.6280939497
13.6331546347 50.5974987610
20.0795045670 2.0070223676
-24.8447898890 35.1410521163
-18.1488895117 -36.1567769661
-20.2884312101 -19.1451724120
11.3124083933 20.4686899327
-21.8273161354 19.9561153836
-4.7847541936 -17.6720385866
16.8654892372 10.0827604152
1.1430803795 -7.6811395552
4.2140941775 9.8911659196
23.6048645665 7.1151593884
-18.5529568548 2.0717174361
17.7540918445 27.4106607716
-12.9616190082 -10.6461707421
-33.5228239725 0.4116522019
-14.4114981045 10.5250684645
-7.9489089376 -9.9713901916
-23.9977303850 -37.0238186604
-21.5134972584 18.7503160959
44.6524015073 -13.3681135810
-8.1380661139 16.2460799836
30.8740639407 0.1313439229
40.6324625909 -0.6874466102
31.0955959151 3.0718065163
-0.8785715819 -12.9637868079
-8.6715991661 14.0584315392
1.0696734400 7.1231342061
27.5364024371 1.0168403044
14.4031256303 37.3573029616
-27.2174655106 19.1289410217
6.9477773146 14.8511386497
26.1628714991 -3.4558515959
15.5864695657 -31.9133900970
-4.3013838375 18.3306970921
22.6298963479 -11.1727454591
19.0148213064 25.9484185254
1.3221865506 -1.9644353695
-34.5004190983 6.0180915169
13.4765889376 -30.1648056136
15.3208499194 -50.2956006242
15.4805354224 -17.0999340482
16.6903197496 -6.5552113711
21.5236339807 4.5647948276
-44.3449869107 5.6912548165
5.8565532216 11.7437282113
-11.7987873890 10.1829220178
-1.5988747433 2.4831873238
-10.0113071984 -14.3633165851
23.7531706811 -7.5225447648
3.7319397507 -29.2360620466
26.9642193036 -20.5363959117
-7.9436873810 -45.8140875161
7.5721696910 -16.4386111943
-6.2455678298 -24.3316132125
-16.3327079033 -12.7509762001
2.9436757770 18.1011462800
-5.7437590862 24.7528870850
-12.8993562132 30.0416698154
-15.5839939764 3.7498417464
21.2225388143 8.3313326508
26.5647731601 -38.2517395615
-31.8998606610 -15.5576951813
-30.7159642329 16.1219578682
-33.2153236128 -7.8947767978
-4.8460454434 -8.0864475147
51.4167894624 7.3510396844
23.7991034632 -28.5396668401
-33.1848737935 8.8279108027
7.8642440580 -38.2532352785
10.0371259274 14.2707490689
17.5677390508 13.1694017991
-35.2443558172 -15.9876825620
-12.4544329126 -7.0087613509
27.3756284007 -15.0201814563
-0.2814339115 4.3856243143
15.8953054082 19.4795036250
19.4057464813 4.1877154202
12.1756693617 34.7318481913
11.6147775028 -18.7633185761
25.0270244508 0.0506392150
-29.1453726968 2.8678980508
38.0744249062 13.6523734156
-18.1662546351 -16.1791921425
-0.2345102811 -12.9748302545
-37.8857614746 15.8251184738
0.2272308957 1.8626706117
-7.8702494706 -9.5613631293
32.0996364660 11.5160868520
-3.1327233334 2.7807963308
1.2178947577 -5.5686428403
-2.8233124840 -23.9281735840
-20.2268248053 -16.4375615805
-15.3656192851 17.7129369233
21.2813841302 18.5261276198
1.9732597805 -29.4804405220
27.0694796047 -3.9436202459
12.9142750845 -18.9421605495
18.3234009766 31.1865665988
7.2640867155 4.5923104037
21.6497899262 -24.8506904366
-14.1626517430 -1.8925451539
4.0250635981 34.6765832542
19.8335014817 -7.8004647539
-14.9557939216 -7.8958874264
-4.6477441305 -6.4561720767
15.3924899462 -22.7503320553
-19.0644249530 -7.0050595323
-36.9494100923 2.7027598696
14.0042046332 -15.0292609381
-25.8606826948 -7.4877735875
-15.2261639424 11.2823544445
-36.3907950779 13.8127814661
-17.5944535475 16.1264224570
-12.1908876983 -11.4821813152
9.0236617388 13.9865374035
26.3231470728 -5.1421636738
-14.0818534321 -9.7097329708
-12.4937412919 26.4192767076
10.6133130964 -13.3737615540
12.3222683299 -4.8997717341
2.3710020492 -11.4460564906
-2.0089785985 19.5265852111
24.6527498483 37.4781450344
-13.4631710601 22.2018322029
-14.5707542841 -11.9640753971
-26.1958690332 -18.0282198720
-35.4523422459 2.7070555763
-18.1333832076 1.6624213515
-1.5062206031 -7.2558011455
19.2024849105 6.5437138535
-14.2085650177 8.1662473541
-25.1670589585 -3.1466506110
-12.0639223145 -8.4639427161
-7.4334785286 -6.1186943064
-8.8796121065 -15.2296054875
14.3226798049 -24.2806886477
-15.9201290743 9.1442985219
-33.7049514007 12.1221763358
-6.3486558138 -23.1167784098
-6.3463262961 14.6907766636
-7.6817857180 -14.6189852169
25.5887712670 12.1428350152
-5.0246859644 -35.8058547049
37.5686431452 24.0306972712
-18.5631868158 9.6204534047
21.1317201058 -13.8461020323
11.8639480541 24.1168146536
-3.7877529752 -8.4427416363
-17.1955041732 3.9701066016
16.9975106405 -7.3806631684
-16.6034411291 23.3710099066
-10.3818446509 28.8916282438
-6.2749375418 -7.0518246201
-24.8460182825 -13.2389813634
-53.7470488160 -3.6661437169
13.5760773504 -21.3076616977
9.9131944072 18.6071767251
3.8023675785 -1.4490033306
18.1219244502 4.8061374213
1.1852740568 6.5585207623
7.9025186832 43.1897428816
15.7414955891 1.6239654315
-3.2344511099 -17.1833396227
-25.0440736585 20.9518672596
32.0731076634 0.8251727665
12.6650715814 15.2444076757
10.5947550426 10.1608836555
13.1249393269 16.9080374454
12.4884939269 -26.7730028631
12.2376309029 -6.4920865220
-18.6303274671 -31.7577827087
24.5248311446 -0.9280792523
-1.8940072211 30.9809819078
-12.7508275513 -7.2701406098
-13.9379092945 6.5998790914
2.3433560266 19.3547722882
-23.5106933862 45.2696678695
18.4415662767 -4.9803811025
-2.0797775847 -7.6964037675
16.8022352143 -3.2990185533
25.3656309589 12.1576951664
21.9229819791 23.9232509525
-31.1342786171 9.2087342972
11.4759956586 18.3712869345
-46.3313017818 -6.7976554117
-26.8608754832 12.7239960225
-5.1491053050 -23.9825898450
35.0142716862 15.6347937127
-1.0653016418 14.7934928263
-28.4881318194 -7.8570270703
25.6555259643 10.2858396930
-1.5651546411 13.4096999971
14.3287784608 -23.8973391352
-12.8186508320 -2.2660093656
10.6606895804 -21.7055675908
-40.5611843721 -24.9542192417
-9.9040473333 -32.7528435409
9.2408858733 -5.4064598324
10.0144647266 5.9702298245
13.2044212100 -11.3473463970
-19.4820085633 40.4039067755
-20.5125137497 -15.5462935482
-3.4475864552 -2.2829243032
-9.3555325259 5.3504623535
-8.9277400665 16.3044292186
-1.9552992853 -29.6047333033
-11.3523633079 -31.0645608965
41.2673252697 -27.8792029019
-38.8542719042 3.4739369045
-27.7520957334 -11.1455347519
-8.9617768242 40.0792024290
-3.4808613898 5.0486060378
-8.9310143577 -10.6703920009
23.4635918892 17.3080475282
-11.3969937010 -14.9382102434
5.2353801753 2.1982741645
-4.1012456652 17.4086147910
32.8962305108 9.4930776318
-6.7423533282 -18.2142347278
8.9758686374 13.8236249544
19.2611861410 10.6564125557
17.8964189788 26.6840838244
38.2365196272 12.6299292026
-6.6860810457 6.4080741199
7.5483003632 -1.2674706295
-2.8491169450 -0.2119546259
15.7856206180 5.9910754801
11.7500004813 -0.8327647034
17.3150207259 11.0377113092
28.0044483024 -13.2530325134
10.2559822106 -1.4771044454
27.8736682943 35.3967779282
40.9332415676 -26.2462948598
-12.1574002436 -20.1387694439
-17.2166572193 1.3832809920
-8.8820239711 43.7129851711
-21.7157461758 -6.9703166523
15.9182916461 -28.4074225063
-13.0799346583 2.2521556773
-7.1089233224 7.8894692936
-19.1244403845 24.3655977582
2.6531878173 -29.2305204378
3.7749036723 14.7568253772
1.4286535033 -12.6188409196
2.7701558254 -23.0912731676
-30.1005769535 -4.6199668176
11.6950060956 10.5550244310
6.5025799802 -17.6404606472
11.1960330920 -20.1756558421
-19.0487844950 22.8959984300
-16.8083548643 -17.9648509435
2.0188479883 -16.9942639834
-6.5563655385 -9.0171871549
-28.4698510841 8.1271681573
-43.2001084159 6.9245572775
4.2857461359 14.6864296828
-27.3364029054 -0.5424864245
31.9014417142 1.2283638750
6.5688390503 -12.1578514277
24.0660411954 2.0949189298
-17.6101913973 23.4974140759
-10.8224068035 6.2440957189
-5.7851546295 -15.9766094389
-16.5335664125 -32.8013692434
0.0996169512 14.6228993225
10.1965418447 -7.5834269038
13.0157929319 -12.3751765577
15.8868687667 -20.0749853857
18.0092417199 -16.6361023320
11.5924036699 26.5008837241
-18.4142446822 -8.1401311468
32.8645667289 23.5879837058
4.8742330806 8.2011117975
-38.3281536393 10.5966889851
-17.8307146985 -33.1688690829
10.3781409878 12.2638741097
2.7255244384 2.9648895086
0.4245322576 -32.9144697380
-0.4004881936 -27.1516204953
5.9926476270 -16.1929992645
20.0090637309 -2.4315370074
-2.5223048491 10.7490917636
-29.6074702896 16.4587697153
25.3427315250 -14.6918275664
2.8420488708 31.8129122052
11.1828215056 6.4993130742
-1.4744594623 29.6164566322
-30.6190017616 20.9703216360
-7.9862470087 3.3966181200
-3.7362610246 7.5729339158
17.6486684469 7.0775165075
30.1329009995 -16.5166951279
9.2748586548 28.5397070500
-4.1741205986 22.1487301114
-0.3375033739 19.0163288594
18.3540302051 -35.5047396814
-6.3398488336 3.4590807465
-19.9455685690 2.3419281346
23.9685027084 -8.0671179490
6.1311333487 4.0184741750
6.5180454640 -14.0489380267
28.9127245427 -21.6732001464
2.8145857224 -12.9286513376
2.2782787066 -27.0707217813
20.7590336947 -1.6195747914
-2.3369288032 5.7296300145
-2.1098977474 35.1437248277
26.5893649244 24.1631620378
-4.4360968637 -23.8124645497
11.6080704731 -11.1636202668
9.0870447858 -7.2519079059
-1.6876887751 10.0460321632
-3.4663420598 -0.7289190350
0.8308248420 0.7828155376
10.9586633930 5.1875165904
7.4214633024 6.5914651367
19.8813889402 14.2588714430
1.8453462928 20.8383028438
-41.2425439543 -8.6154862008
-19.7334144888 -5.4642080835
-3.1056977383 33.2545276851
36.2586757917 -4.5483229144
-28.3474858749 0.5385195269
9.8648653309 41.4578084384
4.0604827131 -32.8700897998
-5.1660343027 -10.9854574573
16.7743305107 1.9400053497
6.5788607345 -24.6941976934
9.4934614342 20.5038430576
19.7133462595 -9.5289641274
-18.5410042085 0.3139050441
6.0182840907 -48.4290196531
17.8249777990 -5.0813908486
2.8068523378 -16.5279848329
-10.8183467200 37.5308402585
24.7785136683 -8.8683878973
9.7320993472 38.0178822391
-3.5489934492 -5.4405363071
9.9644127863 -40.2388448881
-26.8264453491 29.1258333771
-31.1276780260 -12.4233705750
-3.5489953802 -18.9518423304
45.4450799498 18.2210328855
-7.0408698435 -27.6622884899
-20.9101618828 -15.7153715042
2.7910313651 -15.6854131869
16.3140074438 3.8009542885
14.4475103662 7.4994553598
1.6415903100 -6.2615085040
5.6731679171 17.8926765672
-0.7843878348 -19.2211971297
34.3483627413 10.0510679145
24.2392504781 20.4021463440
-42.5107241939 32.8806397199
4.8345828860 4.5602095455
-0.6686503494 15.7083844953
23.3389530226 8.7871104947
-39.7764101765 43.6122616465
15.4509537226 17.3639283368
7.9745307063 4.3039704653
49.8694194418 -6.5780019814
29.3597277874 -15.2597949178
-12.2350779019 -1.1405312492
18.6909065518 9.6738024048
-16.8979996002 -10.5154555305
-2.5463003258 21.0273471921
9.9796938970 3.8934040244
-13.3011282048 17.3109562237
-18.9054240274 2.8030491373
-36.1179690185 -2.8356685847
-2.9049908919 -5.8869625900
12.5163278516 5.6676662379
-13.4190103957 -12.1966548929
-40.8436199488 9.2705745678
-22.8136752443 0.4169430911
-10.7438905784 11.1176034177
-4.8204299159 0.9415121654
-5.2639149558 -12.5618718060
4.1786171463 2.0876830758
-6.9230073118 18.5655758341
0.5406782806 0.7039986770
6.7542147189 0.8389495608
-7.4650146848 19.4820479579
4.2664996368 -22.4348775689
5.4961803470 15.8327083791
16.2453335689 -16.3183272957
-25.3661209000 21.5078829691
-16.6328315694 10.0960017597
-6.7498240237 -20.3291268639
-18.4312591464 14.8190589771
-1.8240056855 -38.3632757394
-14.8201067397 -12.5132271856
-5.6819581698 20.3124126959
19.9022368991 -20.5836119328
9.0411260394 10.5418884658
23.1560767356 12.5577520603
5.2198482920 -8.7183741053
-17.4119238349 35.8817449535
5.3519356044 0.6648551045
18.6187439915 4.3578596968
7.4488297197 -35.8187197390
-8.8982053032 22.3589793784
2.9752689423 17.2100913279
-1.1880344866 31.1939067257
-30.7913269175 0.5634376709
-17.8670902552 4.8171648552
8.3984591843 -7.0192833748
-0.8392901759 -10.1605835976
-15.1476149492 26.8060000868
5.7799038240 0.7353827409
36.5085633300 -35.5829070809
32.9671912639 2.3866548698
-1.9754848035 24.7426743413
39.0156240484 18.0076205217
5.2077254438 -2.6738045574
-4.5660612549 11.0869607394
-19.7262684488 -31.2306244398
-0.2626050300 14.2281441987
-5.0700529560 -23.8183751719
-15.1411639953 12.5266004389
14.5986465036 12.3673046131
10.8841359731 12.2494858594
0.6573825653 7.9077161461
12.9312027621 41.4018231429
4.5115173852 -8.7028761092
-23.2957908718 -8.9033736587
12.0843928211 -10.2654994317
-12.4180202329 18.8412944375
-5.2098388951 0.2907107652
24.1503214701 -0.6502639452
-36.2608426665 14.2057581059
11.1888743201 -6.0415416749
5.8659512563 36.3937856243
5.1914227773 1.4450523106
12.2784186646 12.3459930641
-0.1503553644 39.3547228485
28.6556305063 -2.1517714523
6.7631695966 -2.3810529942
-7.0496521938 20.8123268392
-15.7162925735 31.8257900622
-5.3914969179 2.2545558421
1.1841134606 -12.7801177492
-11.8146046955 1.8707086253
12.9884743052 -13.1596156917
-0.2208604433 -7.4793771474
-33.8318167012 33.5256562118
-12.9104877613 8.4940587297
10.3954139620 -44.0092167721
-16.5170920225 13.4262625647
5.4651307015 8.0192418183
-1.3526953347 8.6372851842
10.4950167627 0.5560618761
-23.1898202289 -1.8895028359
-26.9343023762 -0.2201091928
-19.9046116144 10.6300926432
-5.8514628639 15.8123488325
38.1385188273 2.2688269077
4.5868186074 -9.3327587111
-14.5647775095 42.1317477781
20.6380784209 -9.5756539681
2.6242594717 36.9245837904
-3.4554387276 -3.6163584924
-20.5435647884 3.3975125429
-2.9532349106 -6.3518709776
-2.1721035609 3.1389701063
2.9710416663 -29.5260389473
-12.4055821977 13.0466837685
-11.9517587678 -0.3000904822
22.1448526248 -13.8577886778
9.5223515342 6.5596371692
19.3077283923 -9.9953701801
5.2831322135 20.6619451109
4.4327008699 -17.6015655462
19.9497203266 50.0909936970
-13.1445022315 -16.0974198623
-4.9614884289 0.3699291286
-15.9794512755 10.1530272980
0.4041106650 -21.0935233194
-0.6715391697 -26.9623911269
15.5745330769 2.6498485295
-14.9517868503 -2.6311495414
0.9330189639 -9.0830335216
26.7617092723 -2.0549392302
0.9447540204 6.8836961509
19.4277653166 11.5505459677
-9.1963931890 -27.2512323902
-3.3055514902 -27.2817263811
46.8359284378 -4.4930362459
-9.6230173284 -24.3708388100
-29.9665825752 -14.2701105311
30.6894898481 -0.4684453793
24.6771650181 9.7145560276
3.6298879252 3.2593819825
-8.2814911552 12.8657799841
-25.1601626862 -0.9040517281
14.2181232559 23.1742528181
0.3570842356 -37.6810732984
5.5372943001 29.8956374037
5.6309661621 27.7156270183
11.0505176279 19.1614306828
9.2223403849 2.4840612057
-13.3399165796 9.1523573147
-20.9459481908 16.7212743381
-1.5720999489 11.2194734929
-14.3866672065 -9.0406783285
-13.2412192611 21.0629248167
8.0604077999 19.7226508387
-0.8149222960 32.2751800799
3.4249612792 -8.9077122799
17.6521106854 -18.9649612888
3.9843287461 5.5401943924
32.7779326132 19.3552602054
0.7993633269 41.9037068503
23.3350149999 -38.9909571154
-11.7487752765 30.9910940820
15.0544270683 17.3978524905
1.8944145371 -5.5992070014
13.0607987194 22.0807440376
19.2092511216 -3.4112155650
-16.1091562111 -0.3588874024
27.2771705262 -15.0140904205
7.3752893828 9.1796626524
3.5176662868 -25.6091700983
-22.1194742684 -1.2580810073
-3.4847357643 -17.6961568095
-0.4231722276 21.1126181166
-22.4756302694 22.0753601243
21.4425424981 6.0519271821
-7.7062749212 -14.3261448919
-14.9740767559 -5.4249510961
14.9960111421 -2.2175787558
30.1557999867 11.1092126025
-20.9257221640 -28.4462361299
-4.0389440387 64.0487541180
4.6541474319 6.9119105211
-1.3205446613 -9.6266709719
-0.6093341041 25.5819113778
-10.3226369081 21.9134598228
20.2375653043 11.5769609915
-13.9276077029 44.1585502654
-19.1647990639 -2.1587777787
-28.8975595878 -21.8514944939
26.1463073211 -4.8582993530
-34.3505138103 3.0291132718
8.5849841096 -20.5651572627
-19.8783833930 -30.9819976185
-0.9095124885 14.4820183354
25.2628384929 -2.1438466945
19.6352468505 7.9419025527
1.4487880447 10.1640094765
-2.0522351722 -36.2898960833
2.2232248696 9.3947540835
-20.5266413974 5.2706456354
4.8555955621 13.2411765770
24.2013953280 8.7908212297
-25.4578729005 8.4595625362
21.5258412950 17.5515237707
-14.7125719145 1.8482291333
-14.6201718283 15.9541384110
-9.6289457231 9.7176769522
-18.9610388208 9.6083948626
18.7863001378 11.5873890706
-8.0522502055 7.6731766195
-22.2854109452 2.7669096219
-10.2328392960 7.4704551749
-24.2233156496 22.1142639387
-0.5919984626 -2.3245915981
-44.2009849503 12.8848352832
-19.8097955354 4.5975108186
-14.3385499944 24.6056107016
30.1427324353 -25.4219820203
25.1038528164 12.0911792271
-4.0173131234 -8.2908812614
8.9133829810 11.6185890287
30.1005875554 14.4758367256
20.8080493463 3.8208739499
-0.8576650552 11.4856098630
-17.3192686122 2.4947991287
-11.2970045534 -21.0973647211
34.2590038033 -17.7376919700
0.9728450586 21.6128743023
-33.6154981741 -1.0742473393
9.1303738995 -6.2811332276
-17.0073941681 -23.7717549060
2.6472455927 -11.2167549439
58.3939262025 6.0630519138
10.9962186941 -13.3358903698
-7.0937960687 1.4001739591
0.8237796903 -37.9273795708
9.2855090308 -11.6267008227
-4.8973062856 2.4330547407
-11.1392364679 12.8628543851
-3.2850887734 -3.4617551041
14.1126941901 -35.6259116203
-13.1491398692 -17.8946762296
-8.2519101500 24.2090241535
52.0238594955 8.0297095641
20.8269598231 17.8718112460
15.8788512426 22.8976605564
32.5039795753 3.8909751321
12.3544892482 -31.9151276083
13.2749316366 6.1148568188
30.6726163274 1.5638996330
9.2353609314 -6.7022204116
6.7049345997 37.6861749515
-10.5686677284 2.6036785873
4.3701316140 9.2217871259
-10.5027725632 -10.0168194527
-1.5879788314 -29.3920495816
20.1917066297 -38.3603203386
-8.5871425759 -10.4217219770
17.5743621419 23.1895240014
-25.9405182835 -33.2697882115
24.1465361670 8.7295083357
-19.8081894524 -5.0008432020
-12.0263835695 23.2222835787
12.2827478015 -19.7281478724
15.1750786262 -9.7512949145
-14.8104746118 -2.7730987228
-0.2310748094 -4.2206414382
-12.9697496076 -1.0312904165
-16.2663615791 -19.4703633921
-4.4913994414 7.6648396680
32.1361007386 16.4846240574
7.5273669274 1.4069082399
-10.4006160262 -1.1038548625
12.0037207094 -17.2057553898
5.1047030452 -29.9620626254
13.9955860696 -40.8953757799
-1.5525478574 -21.2669889647
7.4449090230 5.3258833321
64.3746494525 14.1758448750
23.5167486470 2.9904582010
32.3495204119 -24.1847504706
-23.7436281466 -1.6800236192
15.5291533290 -10.7022397980
15.4255342365 -8.6906310384
3.7548561141 -11.3282670749
12.0566747497 -2.3297153331
-26.0164032199 -17.0625776869
4.4781880451 -14.2538671794
-2.2372451769 -6.0069124080
2.0532888138 -20.9272548469
2.1572406252 16.8947951201
13.0515596800 6.6227656551
-18.1215532741 14.4649911178
5.3100533995 -8.3977579203
12.1787674763 -8.8467131278
-28.6175407440 1.1518904074
-3.5159738308 3.7844302851
-9.1232750967 22.7467597489
-20.9704647767 -5.5086096703
21.1138348373 -8.1316096388
22.2607500933 -28.3208355428
-3.5543876005 23.3850764673
6.2428665060 15.4898383356
2.6068428507 22.4115589820
-7.9178095370 -19.0177252281
-2.6924236648 -23.5976003131
9.2535039942 2.3479689619
-9.6547544227 14.3217082347
-10.1436035112 -22.5143533901
-0.3612444467 28.2981769784
-19.8063287473 6.4679509262
28.1685659742 -14.4327530942
-7.4600965941 -39.8665349342
0.5882231962 1.3209674241
-9.0879362725 5.1800193765
-25.6747049829 14.2582622526
19.2080215284 -22.2845336374
-21.8087586617 25.5549847660
3.6536093928 20.6200137119
12.2051668293 7.7004016473
-33.6915188814 6.3790499431
2.6163946240 -40.1165768722
-21.1166697213 -2.7499350510
2.3095007535 -14.2843468933
-25.6684989380 25.0775125372
-24.0148979455 4.0796925213
-8.3464664620 -0.9226212492
-12.4850232556 -11.7243385573
27.6648896389 -5.0214859319
6.2946284936 20.0267424525
8.3284190324 -33.0212983115
-5.7545935764 9.9150208022
5.8013664098 -14.3708700618
-24.2301648463 7.8951552734
27.7652422638 -7.7126952503
12.5510905839 1.2629736940
6.9495301850 20.0232694872
18.3584280801 -13.5126178074
17.2884964735 13.0812539491
-15.3954407292 22.5325187275
5.1581235985 18.7139257354
-3.0835828922 18.0507575687
4.5297385230 -5.2130075830
5.8185082677 -4.4012785042
-2.2338880945 -32.5828927980
-0.4537618848 -22.0326531390
13.4026326603 26.4662457024
-1.0779555648 21.1490396338
-21.1071731034 -4.6257865251
-5.7877102203 -4.5683962320
26.1699481905 -7.8305185546
-7.0995369322 -27.8277764695
11.5892885762 15.0218425169
7.8951109027 30.8793037406
-22.0880227684 13.2301143420
-7.1201387912 30.8478504240
9.1888360478 8.6977318100
1.2954578153 -15.2573438917
13.0584792253 11.6772733960
9.0499526759 -5.5654125923
7.5250646214 9.9101109072
27.1499882793 12.0804928191
20.8059203237 9.5590764824
3.9064185467 27.8883339961
11.4179408552 -7.6753182001
5.3138278920 17.1573176846
6.7184525543 -37.8140739942
-4.8635781099 -14.9017937131
-23.7969505603 19.6012249872
-14.8711658439 -6.0496503742
11.3595756891 -11.6432230125
26.4770121199 4.9589667768
11.9650888616 27.8966124174
-13.2281565260 -57.9786609975
-12.0699622327 -7.8239255927
12.4149611418 -23.0683951141
22.9063841662 23.0020793636
1.8537831616 28.0660191464
17.8545962972 4.5834050550
11.6519164037 -22.1026773355
27.4611617194 6.6317335554
-22.2406198243 -24.1515218878
-19.7397020171 43.8167853139
5.4019366579 15.3224726988
18.8871289931 17.7348764154
14.0572197001 -15.5972068019
-16.2203091993 0.2352862757
1.5749993993 1.8988084873
-19.9935654695 14.9607615454
-11.4534976431 6.8348066245
25.6939758234 -21.2475859108
28.4313368461 20.3494208626
-35.8994942959 -21.0353051024
13.7727926884 24.8044809458
-2.8550112674 5.0397917309
-1.1965903987 14.2642035524
-34.7088415687 -37.6455894790
-8.8218099076 -15.5078408650
-41.8759888638 -7.1196272475
-26.0900925774 29.1934297535
1.9078077458 -16.2200861222
-31.2723943168 -1.9074928225
17.0086365832 6.9166751966
-9.2858514269 -4.9432245003
3.1189469888 15.3928445417
9.3357152553 -4.2958842937
11.9395811447 4.5216622044
-12.9315448826 7.9053260441
-6.5087558733 14.0576339126
-17.0236890195 8.9726215171
-6.7301285106 14.3172512658
-2.6972221188 4.2485633849
-25.9361684044 9.1622683779
5.5747681862 6.2029151837
-9.3332484729 -13.7379851552
-35.5378876041 27.6288191624
-22.2097361695 -11.1161066361
-13.7270145181 30.4596878786
17.2614825082 -7.6424881345
10.4436311050 16.5124977123
2.1175457637 -2.4512932502
-9.2461446638 -30.6489590353
-34.5915620688 16.8108655745
7.0533865129 10.5185630522
22.5311012692 19.0597634306
-7.4475000257 -20.7593503791
8.8861293324 6.2480412303
7.2002737017 2.5866615129
-25.5344099080 18.3683098659
12.2924875863 -0.1132181435
-4.4742187992 14.9406996699
16.6704780715 -26.9131622461
-44.2488031159 20.0526420539
-11.7165198448 35.6554967138
0.0620444745 -46.9927634385
-34.6939422521 -24.6531522088
-30.5836811481 0.5087842195
-1.5750930333 -11.4181728198
2.3547930424 17.0310958053
12.7694406967 -8.0338413932
10.4527793951 23.3495050786
16.4912045738 -20.8465865766
5.2225967810 1.2492464454
10.3335868536 -5.4528836141
27.3769735456 25.0314516438
1.8590096880 14.4334759875
-22.7098291055 4.2404924996
15.8510504405 11.4038139919
6.5385971349 -12.0282079460
0.9998375904 -27.3093263166
-33.8992137608 21.1727236405
-31.1518546477 28.6214678347
0.7699951060 11.6639105854
-11.3434739167 27.3580650572
-1.0779783520 22.1631887547
-2.4488922366 -6.8307195724
18.4240406659 -12.0543131372
7.0222130168 2.2621672223
8.6446270868 -2.0074047911
2.9918120323 -16.9070294143
16.7212505818 19.1507596365
6.0633126267 -18.0416236714
-20.6418019178 6.6992326352
-16.3522141362 -3.2626086168
-8.1908637407 27.0138530268
32.6133513760 -23.8983694562
36.6144754775 4.4935033585
11.5255153057 -23.9420481613
7.9266374968 11.2036406629
39.3959406338 -35.6193035949
3.7770115041 10.3333442691
-1.3406004013 23.3044281911
30.9962467051 -18.5442491502
-35.7125790714 -16.5482588550
13.7141239569 14.3617655091
14.2728354565 10.2249076444
16.3492986335 -1.0628931295
-48.2112190250 32.5355521282
6.6675519258 31.3762226586
-22.0533092481 -14.2130031860
-5.1617318544 35.0075083512
-17.3737629508 24.3920272742
-7.5574808377 9.1396484992
-10.6283809155 21.3734370377
25.0565357630 -2.4585097001
-10.5786618619 15.5799350760
18.0219358885 -29.2471954781
11.2838503360 -42.0733419830
-20.7819810716 -26.1485840248
-33.1723530292 -17.7523538423
-5.1752189543 -14.5657493616
-10.5342108457 -42.2625322590
-7.1049495654 -0.8193099478
-6.2951628860 -7.6017748561
-50.5391243186 -10.6393770436
-2.0996291640 -35.7147549533
-3.1764230987 9.8397257316
50.6700775019 5.6286580157
10.7291605241 17.2591561500
-11.6815661822 -4.7831283253
7.4808967044 6.1220787668
9.2483641087 22.8434955071
-3.5425554307 -12.5541603162
14.2069645204 24.7632436411
18.5858654376 10.2108893235
-16.3616829041 52.3099312663
-8.0714941585 13.4031807707
11.6815658942 -5.9164684776
21.7264852330 12.5559568478
14.6230671027 -9.3990567786
11.4781431755 -15.1814998968
-5.0973988807 28.0637313879
-16.1277335042 32.2688369593
9.4575095258 -6.8372946114
1.0012243058 -1.4407178372
-0.2434073815 10.1338935831
50.8738657643 -23.6600974601
-10.2219620633 9.8179433951
-10.4179197817 -22.6850017362
-4.4822762464 10.3995079770
12.0846688199 -10.8799167515
15.7504411104 -19.1312333492
-11.2332606595 -20.1923806701
10.8990952027 12.3864486024
10.7588315775 12.2245690428
-36.6312251444 -17.6931534341
-5.4816795425 8.5733265156
9.9948140211 19.3023632940
-16.4939240825 8.3619516671
26.2007462817 9.1100030067
19.7214973419 -18.5255753065
17.2133603729 -21.2291578588
11.0589425114 20.0150131838
27.3087569798 -17.3226178697
27.8361662200 -0.1657798995
-15.0803834450 36.8631916487
-7.0788208825 32.8435814837
7.6106378292 -18.6582825187
1.4719115334 15.4106671749
2.8072377456 -18.3969233423
-37.2311579237 -6.9284673090
4.8986663939 -0.3390833909
11.4098684574 -15.6478445975
-8.7899157497 11.9168753839
-6.1034748247 10.6208406697
1.9315353265 44.9559592135
-3.5778697682 6.6983665737
-13.6394630776 -12.3570992144
-2.5311441027 -18.4729440005
14.0184665497 -2.3039849894
-10.1521931396 0.6550942795
22.5829855043 -8.9977995529
15.1621254756 -7.2811446707
-37.8182591103 42.0974730838
-17.1662296329 -8.3286669938
-19.4266232435 4.6098264412
-8.7210164041 -16.5125015659
5.8932245227 16.9956817963
-17.2069056298 -13.0710395494
-6.8944634063 -8.2411155020
-14.2644606998 -32.3828550404
-0.5045335325 11.9921476452
-32.4429217437 -11.6740892063
7.1546139076 -0.5930822544
-32.1414995296 42.0903903727
-4.5944266727 14.3343222952
