# FFT output for random_32.txt (N=32)
-0.2046646849 0.6961209801
0.6843292588 -2.7116278550
-1.1632766421 1.4067825943
4.0717559485 0.6078680682
3.8857209601 -5.1418418800
-4.4162874686 -4.0161763875
3.7527845218 -0.8865734572
0.6629955220 -1.6974616187
-3.6589885535 0.1895019675
0.4144579273 -0.5858584262
-0.0958968980 0.7556215818
3.5598056190 0.0103636442
-2.1505751915 7.1964093849
2.7750384184 -1.9114370871
0.7717892527 -5.5549799254
1.6469146160 -2.7180457173
4.1679404369 5.4723844943
3.2584498534 -1.6717566430
3.7689538262 -4.2731263662
2.9523404022 2.3512871509
-2.6961421761 -0.1897411168
1.6732939494 -6.2929318263
5.7235960799 -0.6032858370
-2.0394315870 0.9313228283
3.9620321239 -0.3769083179
-0.6056841866 0.8252363814
3.7545564087 -2.1227066367
-2.2463833005 -5.0147540489
5.4394064371 3.2398011223
-8.4966341065 1.4815556901
-0.3550640916 2.9000723512
-7.3672351618 -1.3071091403
