# FFT output for sine_32.txt (N=32)
0.0000000000 0.0000000000
0.0000000000 0.0000000000
0.0000000000 0.0000000000
0.0000000000 0.0000000000
-0.0000000000 -16.0000000002
0.0000000000 0.0000000000
0.0000000000 0.0000000000
0.0000000000 0.0000000000
0.0000000000 0.0000000000
0.0000000000 0.0000000000
0.0000000000 0.0000000000
0.0000000000 0.0000000000
-0.0000000000 -0.0000000002
0.0000000000 0.0000000000
0.0000000000 0.0000000000
0.0000000000 0.0000000000
0.0000000000 0.0000000000
0.0000000000 0.0000000000
0.0000000000 0.0000000000
0.0000000000 0.0000000000
0.0000000000 0.0000000002
0.0000000000 0.0000000000
0.0000000000 0.0000000000
0.0000000000 0.0000000000
0.0000000000 0.0000000000
0.0000000000 0.0000000000
0.0000000000 0.0000000000
0.0000000000 0.0000000000
0.0000000000 16.0000000002
0.0000000000 0.0000000000
0.0000000000 0.0000000000
0.0000000000 0.0000000000
