# FFT output for square_32.txt (N=32)
16.0000000000 0.0000000000
1.0000000000 -10.1531703876
0.0000000000 0.0000000000
1.0000000000 -3.2965582089
0.0000000000 0.0000000000
1.0000000000 -1.8708684118
0.0000000000 0.0000000000
1.0000000000 -1.2185035256
0.0000000000 0.0000000000
1.0000000000 -0.8206787908
0.0000000000 0.0000000000
1.0000000000 -0.5345111360
0.0000000000 0.0000000000
1.0000000000 -0.3033466836
0.0000000000 0.0000000000
1.0000000000 -0.0984914034
0.0000000000 0.0000000000
1.0000000000 0.0984914034
0.0000000000 0.0000000000
1.0000000000 0.3033466836
0.0000000000 0.0000000000
1.0000000000 0.5345111360
0.0000000000 0.0000000000
1.0000000000 0.8206787908
0.0000000000 0.0000000000
1.0000000000 1.2185035256
0.0000000000 0.0000000000
1.0000000000 1.8708684118
0.0000000000 0.0000000000
1.0000000000 3.2965582089
0.0000000000 0.0000000000
1.0000000000 10.1531703876
